592082683473321984
592082705816363009
592082733850972160
592082752343801859
592082772434427904
592082775961927680
592082776645480448
592082804957118464
592082814897659904
592082828885512192
592082842957418496
592082855531937792
592082871092776960
592082906639536128
592082917649702912
592082932942114817
592082940038787073
592082944845426688
592082991045738496
592083016433967107
592083020196220928
592083022393946112
592083031407624192
592083042082156545
592083051603099648
592083074860654592
592083076060041217
592083084301991936
592083098050961408
592083101595115521
592083124177113089
592083129034272769
592083130217078786
592083153180827648
592083183409221632
592083219429883904
592083228221001728
592083240086859777
592083252849999873
592083253697323009
592083261741993985
592083278506663937
592083305417338882
592083305329197056
592083323406585856
592083326522896384
592083332860669952
592083344604594176
592083345992916992
592083357955002368
592083358282346496
592083397666676738
592083401966022656
592083425542168576
592083430097092610
592083434429898754
592083436560580608
592083450108215297
592083451303591939
592083521436557312
592083527451222016
592083544110956545
592083567070547968
592083579208933378
592083583176679427
592083585839927296
592083599496781824
592083603846135808
592083613467959296
592083647785742337
592083653598978048
592083662801276928
592083683286327298
592083713976049664
592083722406469633
592083743428448259
592083799552479232
592083809157382145
592083823380172801
592083824391098368
592083829097127936
592083830456057856
592083834121953280
592083835673649152
592083845521940480
592083849191915521
592083855257010176
592083856846659585
592083863427362816
592083867688968192
592083884076081153
592083891273367553
592083897531269120
592083901369180160
592083909946560513
592083927608754176
592083947309420544
592083952791347202
592083961335058432
592083981610459137
592083982826766336
592083983158116352
592084010949582848
592084017102659584
592084020202229760
592084035242831872
592084142189314049
592084143401541634
592084144215195648
592084214809546752
592084224028446722
592084234464043008
592084237068541952
592084240180776961
592084243133562881
592084288452972544
592084300654366721
592084317737754624
592084329280438272
592084373802979328
592084373744189441
592084418719838208
592084429914279936
592084438789533696
592084442832842752
592084465582743552
592084468376145920
592084469374459904
592084516321234944
592084527482314752
592084528069390336
592084541612761088
592084543898853378
592084591206375424
592084630196486144
592084637335330817
592084646470385664
592084651977617408
592084659191861248
592084659946815488
592084662685667328
592084668222156800
592084675620937729
592084683514580992
592084689600544768
592084696315592705
592084697150164993
592084698303746049
592084705090138114
592084706365050880
592084719510007808
592084745464455168
592084753748271104
592084775445221377
592084789710168064
592084791949860864
592084806915235840
592084818915139585
592084835813953537
592084836053057536
592084847109222400
592084856668102659
592084858941382656
592084860933636096
592084873688522754
592084874837659648
592084880873259008
592084892873150467
592084897617031169
592084920895311872
592084932232650753
592084961810743297
592084992592912385
592084998984990721
592085007830753281
592085039069925377
592085050511917056
592085106124292096
592085140886532096
592085169311481856
592085192975720449
592085199803916288
592085200793894913
592085211338436608
592085213406167041
592085222713335808
592085233886961664
592085240962785280
592085267911061504
592085272793223168
592085296314851328
592085305576071169
592085344650137600
592085346919157760
592085378540118017
592085388388241408
592085399029288960
592085410349735936
592085439244185600
592085444487225344
592085458793803776
592085489865330689
592085504729853952
592085510748839936
592085523549687808
592085534299672576
592085536866611201
592085541824299008
592085548996628481
592085550573617152
592085598946623489
592085602964676608
592085606076809216
592085620438147073
592085625022484480
592085633922965505
592085638926639105
592085653065768963
592085653774422016
592085658241404928
592085707688140800
592085719226687489
592085723257413632
592085732618993664
592085740911112192
592085818421977089
592085824935596032
592085832384827393
592085846569914369
592085846628634624
592085906657452032
592085908096188417
592085922952404992
592085939972898816
592085963238608897
592085966250184705
592086015390547969
592086017408020482
592086024660111360
592086060244533249
592086078967783424
592086090892193793
592086098278395904
592086104561573888
592086130713075715
592086133665824768
592086187759636480
592086204457160704
592086232051486720
592086290084007936
592086317887946752
592086319569862656
592086326721191936
592086330210783232
592086351362662402
592086425681592320
592086448096043008
592086458594422784
592086459181617154
592086464285966336
592086474616627201
592086476311126016
592086493021261825
592086514705801216
592086529750663168
592086542287515648
592086563749818370
592086564387315713
592086572327161856
592086579247652864
592086623031963648
592086633958273024
592086645412888577
592086658759020544
592086665784504321
592086669119135744
592086683245531137
592086686231756800
592086689859928064
592086703982125056
592086708960788480
592086714610536448
592086721640079360
592086725742206976
592086778695196672
592086789743091712
592086799075409921
592086803869466624
592086803789815808
592086819006742528
592086827139338240
592086831614664704
592086833674252288
592086847976841217
592086849042063361
592086857137139714
592086858399555584
592086872786083840
592086895460388866
592086897930981376
592086904620867584
592086909779849216
592086919611293696
592086930524876800
592086974023995392
592086988049805312
592086989299679233
592087003237322752
592087019943264256
592087037697781760
592087249359085568
592087300428857344
592087367420289025
592087497682747392
592087632823332864
592087809470529537
592087829372661761
592088151985893377
592088316247289856
592088896336429058
592088898232143873
592088977093472256
592089103291658240
592089130403762176
592089224071028738
592089361149198336
592089741669040128
592089745531867136
592089749512265728
592090233916755970
592090499340697601
592090519452327936
592090601815834624
592100223121395712
592100358568210432
592102008687075328
592102099783131138
592102349839179776
592102662369193984
592103434888749056
592103740104056832
592104041385103360
592104477429276672
592107065499373568
592107267681558528
592108187169357824
592108443525357568
592109514427531264
592109988648132608
592113251737051136
592113638934085632
592114636754817024
592114681332035584
592114912073101312
592115162204635136
592115377162747905
592115480342630400
592115495093936128
592116000864079872
592116132103852032
592116493266984961
592116701338030080
592117118524461056
592117249403555840
592117304638373888
592118259194822656
592118365189079041
592118415273242624
592118427713556480
592118454431322112
592118475138686976
592118789719851009
592118800125857792
592118961996595201
592119020888793088
592119081005875200
592119112756633601
592119151201652736
592119203668336641
592119291375267840
592119519918698496
592119525111308288
592119573953941504
592119597249114113
592120348096638976
592120664263434240
592120682777092097
592120699537362945
592120823856562177
592120850838466560
592121017864065024
592121043336105984
592121063833665536
592121188006035457
592121365693468672
592121630970642432
592122053580435456
592122124703178753
592122372796252161
592122376877252608
592122481361616896
592122498130444289
592122579541889024
592122610852364288
592122646021611520
592122740104003584
592124399727161344
592125801803304960
592127096094359552
592128745491734529
592129778846576640
592130249090957312
592131116594659328
592131266608140289
592133538918502400
592142888164798464
592143050240983040
592143086379139072
592143307595120640
592143335739019264
592145007160627200
592146987006308352
592156323657179136
592158975006613504
592162211260334080
592163259282640896
592163265909641216
592165781678518274
592167954554363904
592167993708130304
592168075463536640
592168287573794816
592168388429881345
592168405786042368
592168587252486144
592168656076931072
592168656085372929
592168891331149825
592168919277895680
592168948935892993
592169212803616769
592169400037322752
592169519340105728
592169558636507136
592169613661581312
592169615389642752
592169758671273984
592169961738625026
592169961939808256
592170011545894912
592170191452131328
592170214122356736
592170214759890944
592170466699120640
592170783256006656
592170814805446657
592171019499999232
592171045341237249
592171346395672576
592171528801820672
592171563618738176
592171664458313728
592171908667285504
592171968033525761
592172034546741250
592172078230470658
592172138569736192
592172248829710336
592172292412608512
592172955477479424
592173047827730432
592173178736128001
592173351839272961
592173419052937217
592173640088559616
592173675752787971
592173871756750848
592173919504707584
592174331918155776
592174805903810560
592176160668135425
592176265236361216
592176765037989888
592177323090190337
592177474965934080
592177571963383809
592177582159761408
592177771251519490
592177823671914497
592178192066183168
592178363332169728
592179719690326017
592179849139081217
592180229415837696
592180259643985921
592180902504988673
592181012634861569
592181528106373121
592181823255384064
592182087005802497
592182167028957184
592182265792180225
592182278857433091
592182306107883520
592182613260898304
592183145664884737
592184400332328962
592185078773481472
592185192711786497
592185427982843904
592185496391979009
592185532198752258
592185622334320641
592185806451707904
592185825263104001
592185834800947201
592185893097615361
592185911883878401
592186235151486976
592186321872900097
592186338746630146
592186458535899137
592186496997675009
592186506481008642
592186632071024642
592186632150720512
592186632222052355
592186633732009984
592186633807495169
592186633824313344
592186633807482880
592186633807507456
592186634147233793
592186634147270657
592186633832693760
592186634369691648
592186634147246080
592186634155663363
592186634155663360
592186635233529856
592186635334197249
592186635338428416
592186635229405185
592186635229401088
592186635275501568
592186635879456768
592186635858550784
592186635862683648
592186635862679553
592186635908812800
592186635858542592
592186636777066496
592186636760317952
592186636798046208
592186636806402050
592186636760256512
592186636764516354
592186637150343169
592186637146161152
592186637590794241
592186637557215232
592186637548818432
592186638291177473
592186638375096320
592186638295375872
592186638282788866
592186637561372673
592186638312153088
592186638287048704
592186638639333376
592186638635180032
592186638899351552
592186638907801600
592186639675359232
592186639679500288
592186638685511680
592186639671136256
592186639671111680
592186639679500289
592186639687909377
592186640048599040
592186640048656385
592186640057008129
592186640052817920
592186640052826113
592186640086405121
592186640585465856
592186640581300224
592186640791052288
592186640778428416
592186640778399744
592186640803598336
592186641218801666
592186641218842625
592186641223024641
592186641239842816
592186641218801665
592186641738899456
592186641713770497
592186641873121281
592186641726316544
592186642095480833
592186642116390913
592186642158358528
592186864758444032
592186913227837440
592187022250414081
592187454876168192
592187473083543553
592187539659689986
592187594273726465
592187676834435072
592187701475966976
592187884137943040
592187897127698432
592187917260337152
592187932951203841
592187966853787648
592187998583672832
592188199780257792
592188230671335424
592188600034398208
592188928536420355
592188938288111616
592189122158006272
592189171038429184
592189205222182912
592189261752848385
592189350613364736
592189421341913088
592189485280043008
592189793162825728
592189892685205505
592189920548028416
592190000273338368
592190036084326401
592190194389909505
592190323809452032
592190355572797440
592190356281667584
592190430382465024
592190474993041409
592190483855618048
592190488045821952
592190637820088320
592190642240901120
592190697836453889
592190767960961024
592190872818593792
592190883308535808
592191003794124801
592191168596705281
592191219981160449
592191241309134849
592191244253597696
592191478924906496
592191531190132736
592191745703563265
592191821503025153
592191878654636032
592191924582256641
592192249837916160
592192261623939074
592192296478580736
592192513433149440
592192581183803394
592193259876667392
592193438092644352
592193443612372992
592193542690242561
592193588777201665
592193852334735360
592193885088002048
592194131335614464
592194274025971712
592194386189881344
592194553899192320
592194915875979264
592195174693875713
592195303631036416
592195820293738497
592195903944962051
592196070567858177
592196109683937280
592196284661960704
592196333584261122
592196393348898816
592196498462347264
592196637730082816
592196888465580032
592197065310089216
592197144037044224
592197613862006784
592197789221855232
592197824965529600
592197973712441344
592198038891802624
592198059502612480
592198063684325377
592198088556613632
592198155715747840
592198194638925824
592198271281410048
592198287794405377
592198398180098048
592198434444091393
592198592745476096
592198663289475072
592198667810918400
592198834962444288
592198915035914240
592198948779003905
592199037886943232
592199049618403328
592199352824811520
592199427021938689
592199454796550145
592199708321263617
592199713513955328
592199759055572992
592199770111803393
592199937128931328
592199969517342720
592200201068154884
592200422720344065
592200431339589632
592200575040688128
592200585614479360
592200614651629569
592200635199676416
592200757396578305
592200776946188288
592200791819059200
592200808202014721
592201060191698945
592201164592054272
592201168618565633
592201230312550401
592201386537844736
592201392925712384
592201442405928961
592201570604855296
592201597305905153
592201775194583042
592201787492315137
592201836955766785
592201868568174592
592201937698824192
592201963007258624
592202121874841600
592202148768780288
592202153709580292
592202263961079808
592202388393500672
592202572372422657
592202785585692672
592202848684875776
592202857064960000
592202882952273920
592203012291956736
592203127572463616
592203188276604928
592203245914730496
592203422289408000
592203557715070977
592203564337922048
592203597636468736
592203662040018944
592203741022920704
592203906425446400
592204149317505024
592204288820031488
592204327109824512
592204347250839553
592204410656137216
592204640030052352
592204661697880064
592204809471598593
592204935518818304
592204970033831937
592205006469664768
592205444673839104
592205484595154944
592205519428845568
592205591889596416
592205638903603201
592205817643827200
592206012045656064
592206014188953600
592206189804453889
592206311317643264
592206346725896192
592206458340671488
592206458688827392
592206511432015872
592206570974416897
592206654826938368
592206665513992194
592206780798668800
592206942598139904
592207038039523328
592207052606431232
592207122080747521
592207139785089024
592207152107814912
592207239768866816
592207275374280704
592207349059813376
592207408199405568
592207514931978240
592207518849376258
592207554744229888
592207626454216704
592207641008611328
592207762492248066
592207815546011648
592208038909456384
592208041883275266
592208090914627584
592208095926849536
592208126520074240
592208257608916992
592208316979253249
592208386583711745
592208408100515840
592208454829223937
592208486768902145
592208567949664257
592208685536923649
592208703740186624
592208722505568257
592208817254834177
592208876302245889
592208941448298496
592208974646222849
592209085690327040
592209174747947008
592209220872843264
592209307862630401
592209382898737152
592209494165172224
592209546044518400
592209556253515776
592209668224602115
592209704161386496
592209792451522561
592209857270415360
592209871006629888
592210896685936640
592211000176214016
592211003326074881
592211066639155200
592211399268433920
592211558131871744
592211559495045120
592211564482142208
592211616281669632
592211631599300608
592211651589345280
592211661500518400
592211810645774336
592211890056499200
592211958624989184
592212000433840129
592212125189152768
592212185897533440
592212205669642240
592212283876515841
592212377803694081
592212658683777024
592212728200069121
592213250588037120
592213256078426113
592213346276880384
592213366136930304
592213441969917953
592213442620104705
592213705623896064
592214025234153472
592214096839249920
592214207367614465
592214294697119744
592214338984783874
592214356839895040
592214373130588160
592214376200810497
592214575501606912
592214736458031105
592214738584514562
592214741436641280
592214894402908160
592215166780968960
592215546378133504
592215569744531456
592215644218753024
592215758878482432
592215766524628993
592215909172846592
592215931167776770
592215992375189504
592216046611898368
592216098994462720
592216171589468161
592216243748282368
592216308097265664
592216308269350913
592216331740581888
592216441904099328
592216462611329024
592216520857640960
592216546266615808
592216666148179968
592216721521451008
592216843512782849
592216872042438656
592217024106893312
592217026212405248
592217099537231872
592217127840428032
592217152536514561
592217209646280704
592217235571113984
592217254651035650
592217259814195200
592217310552690688
592217391620173825
592217403917881344
592217406702948352
592217440764887042
592217495257251840
592217541088411648
592217557429432321
592217659355324416
592217662773530624
592217663062978561
592217830340231168
592217831116132352
592217876867616769
592218087656554496
592218101862666241
592218121450074112
592218124625137664
592218130463600640
592218204719620097
592218205214539776
592218217705119745
592218256577941504
592218299271806976
592218342775107585
592218403328294912
592218513432911873
592218532479242242
592218595578392576
592218614586945536
592218615224471552
592218689648218112
592218714340110336
592218774327185408
592218876466737152
592218992556650497
592219034684293120
592219045325180929
592219179027075074
592219204012482560
592219228683390977
592219277035462656
592219283293241345
592219370459279360
592219399450284033
592219426725896192
592219426855849984
592219497391521792
592219502269595648
592219525543690240
592219535916183553
592219748902940673
592219777617108992
592219812387901440
592219829777637376
592219890137731072
592219892578811904
592219902896771073
592219929182539776
592219993514741762
592220004159922176
592220025827655680
592220044018511872
592220045364699137
592220107486547968
592220115778686976
592220130475671552
592220181297934337
592220215846391808
592220295559254017
592220329428197376
592220373686484992
592220398105849856
592220503877623808
592220523532189696
592220525843390464
592220531451015168
592220561381695488
592220742869090304
592220788582821889
592220898775564288
592220907369734144
592220910628700160
592220998889394176
592221011807961088
592221017856081921
592221025938452481
592221072671383552
592221160223342592
592221247452221440
592221306583678976
592221373487050752
592221504982491137
592221518655983616
592221576109502464
592221600574930944
592221611794649088
592221770431606785
592221779185111041
592221799619776512
592221871266926592
592221885594669057
592221885615579137
592221885833707520
592221885867266049
592221886060187648
592221891101786112
592221919476195328
592221975147257856
592221995598815232
592222131125035008
592222384767127552
592222474894315520
592222499300970496
592222735264305152
592222857024802818
592222926864166912
592222944006275072
592222944929173504
592222997018062848
592223048549412864
592223049782439936
592223106011242497
592223116228595712
592223125061967873
592223164026880000
592223178946031616
592223240757518336
592223260042989568
592223292376752128
592223306176135168
592223314669473792
592223370785132544
592223431279575041
592223454432075777
592223490490544128
592223527501176832
592223608845402112
592223658162061312
592223706212007937
592223726508335104
592223858205175808
592223864463106050
592223960961421313
592223986164969474
592223994104795136
592224024979058688
592224113847980032
592224351258222593
592224399744335872
592224635762003968
592224665768198144
592224706239012864
592224726426124288
592224776598335488
592224836295925760
592224837688500225
592224869091135488
592224884538748929
592224888296964096
592224995914321920
592225087870251008
592225155503378434
592225203859509249
592225263045316609
592225297044484096
592225321711046656
592225365759631361
592225402627588097
592225435490119680
592225494642266114
592225503525744640
592225574896046080
592225618244313088
592225625429127168
592225655342764033
592225691925491712
592225716961345536
592225764856057856
592225793192759296
592225829175709696
592225841792192512
592225936512192512
592226011841978368
592226128825163776
592226390017056770
592226402293780480
592226406056079360
592226421088624640
592226451002421250
592226452596084738
592226483298402304
592226483784978432
592226534964011009
592226647912402944
592226661887672320
592226734247845888
592226952355840000
592227019741507585
592227023348756480
592227025852575744
592227059205689345
592227064222191616
592227134824845312
592227139145080832
592227250067476480
592227279352115200
592227350999273472
592227364463091712
592227380254507008
592227422994604032
592227446037983232
592227527927599104
592227529823526912
592227544683810817
592227562404716544
592227593824313344
592227593950089216
592227621812875264
592227687894233088
592227717023662081
592227740327223296
592227831888932864
592227899274502145
592228142107897857
592228211343249408
592228213834665984
592228297708179456
592228301474664448
592228305102745600
592228322349686785
592228350573154305
592228378775715840
592228382441517056
592228397704564736
592228407124959233
592228422039941120
592228433503002624
592228450724810753
592228454461874177
592228457825734656
592228633583833088
592228646921703424
592228731881676801
592228744896450560
592228814589038592
592228816753266688
592228827809579008
592228836781068288
592228841432592386
592228880091631616
592228886571692032
592228897409740800
592228899301433344
592228936295186433
592228951453405184
592228973351829504
592228988296105985
592229002695213056
592229062896025600
592229078553403392
592229085415243776
592229100737007618
592229126330712064
592229134165741568
592229137336573953
592229178381963264
592229305050005504
592229314814349312
592229349031477249
592229376399437824
592229424906383361
592229455520661504
592229470120980480
592229487456169984
592229561338855424
592229637205467136
592229657996619776
592229718994321408
592229923277971456
592229943435624448
592230181256888321
592230257077276672
592230697630240769
592230709240037376
592230773530308609
592230856040837121
592230874675949568
592230927897473024
592230998252748800
592231085053849601
592231146609479680
592231157493673985
592231205048688640
592231379666128896
592231458443431937
592231612730867714
592231691395051520
592231735024230400
592231745770094592
592231756712947713
592231780989566977
592231834659856384
592231843149139968
592231858194153473
592232136020746240
592232173891006464
592232262378332160
592232266102755328
592232287527260162
592233297247252480
592233321049915394
592233336598175745
592233346735869952
592233360899985408
592233385793167360
592233581289738240
592233599664934912
592233709727789056
592233734063190016
592233769064509441
592233777117593600
592233814564438016
592233860366139392
592233875428012033
592233880402329600
592233881853657088
592233881790734337
592233907296174080
592233939760087040
592233964615503872
592233976502231040
592233993132638208
592234002708189184
592234002699853826
592234083641503745
592234095524065280
592234109184954369
592234130928062465
592234146723856384
592234147239702528
592234169582821376
592234187958063105
592234213329473537
592234262855884803
592234332149821440
592234368598310912
592234396867899392
592234411665412096
592234421710819329
592234447841267714
592234452874465280
592234511250882560
592234575251668992
592234578221395968
592234581174026240
592234597091381248
592234616813031424
592234663185354753
592234725810409472
592234877837123584
592234908023525376
592234936901312513
592234987249922048
592235019550257152
592235035652005889
592235128577007616
592235133341577216
592235200140062721
592235214128041985
592235280389771265
592235306570489859
592235345493667840
592235357795528705
592235373117317122
592235374988124161
592235418629705728
592235429987880961
592235436119986176
592235486766215168
592235494265618433
592235498581680128
592235516466208768
592235546224627712
592235550624485376
592235592945008641
592235611634987008
592235650369196033
592235688042569728
592235775200260096
592235862286557184
592235949431459841
592235986710622208
592235990279925760
592236007912800256
592236018390151168
592236054989647872
592236140821934080
592236169049612288
592236214834450433
592236247768113153
592236505134956544
592236551419006978
592236555181273088
592236602853691392
592236620117614592
592236625964486656
592236644461187072
592236709984645120
592236748735909888
592236750195412995
592236770810470400
592236776909053952
592236797100449792
592236853345980417
592236860375597056
592236869347201025
592236875663839232
592236900280238083
592236944383291392
592236971801464835
592237004357824512
592237117914251265
592237130505523200
592237132103712769
592237196335190016
592237200944852993
592237241482653697
592237254354960384
592237277406896128
592237292795744256
592237293341048832
592237444604428288
592237466767130624
592237489169047555
592237524468150272
592237547092373504
592237602473963520
592237608559771648
592237631846674433
592237692122963968
592237715053228032
592237740382658560
592237765456048128
592237773135970304
592237773576400897
592237815343218688
592237823740088320
592238016946634752
592238114753671169
592238144256278528
592238298246033409
592238316948328448
592238322656874496
592238327492816897
592238328981782528
592238453875560448
592238471919439873
592238487014940673
592238545236074496
592238568313122816
592238654665293824
592238691944247296
592238723896586240
592238780922204160
592238801537273856
592238861939412994
592238866037276672
592239014431707136
592239021398462464
592239090059247616
592239170967314433
592239239049322498
592239250411761664
592239381894668289
592239384411262977
592239403570843648
592239611956498432
592239620441542656
592239898792488960
592239905369096192
592239928978710528
592239969437097984
592239985442557953
592240086994948096
592240092866945024
592240232382275586
592240286530580480
592240295728652288
592240381707816960
592240392524955648
592240550230757376
592240565426757632
592240606308638720
592240620451864577
592240672138223616
592240696515375105
592240714861322240
592240750869520384
592240764626800640
592240887914074112
592240914556387328
592240973654020097
592240991186259968
592241100003225600
592241153967161344
592241218375024640
592241254856921088
592241288679968768
592241341385482240
592241341381287938
592241394355286016
592241417910620160
592241452861628418
592241459035840512
592241512211226624
592241530800197634
592241592750051328
592241626455666688
592241648123404288
592241679836553216
592241691630829568
592241693308493824
592241697721024512
592241703932801025
592241704687702016
592241716666568705
592241795049852928
592241797167845376
592241842479112192
592241872694878208
592241888498974720
592241906207318017
592241927002595328
592241999295737856
592242000088276992
592242002516934656
592242062575153152
592242075376189441
592242087141212160
592242088982421504
592242096615985153
592242098146971649
592242098604224512
592242098717339648
592242110314770432
592242157274050560
592242231852990465
592242265533390848
592242289675743232
592242304360030208
592242316254912512
592242323951644672
592242368457367553
592242398866079744
592242404197048321
592242438183395328
592242498346430464
592242505388785664
592242558736039936
592242597088768000
592242606664474624
592242608988094465
592242657520300032
592242668941352960
592242675782299648
592242676394659840
592242700771987456
592242728886358016
592242730216001536
592242734678876160
592242758833840128
592242766584934400
592242776957276160
592242778752483329
592242788613398529
592242791549313024
592242807928061953
592242831323828224
592242846008102912
592242874416267264
592242886604783617
592242891231133696
592242899271622656
592242922734493696
592242930334576640
592242931240718337
592242959585660928
592242989109415937
592242999154716672
592243015592194048
592243043048099840
592243043668873216
592243083468615680
592243083917402113
592243092008210432
592243133670248449
592243159595286528
592243172689883136
592243197805400065
592243201366364160
592243206797930497
592243232987222016
592243257343549441
592243262179553280
592243273206345728
592243317808582656
592243340977930240
592243348003368960
592243359843880960
592243377611153408
592243377921490944
592243387626979329
592243394937655296
592243396296593408
592243415997251585
592243422502653952
592243437736370176
592243440898822144
592243452470906881
592243474545520640
592243500248342528
592243505990225920
592243511740600320
592243522184445953
592243535241326592
592243539624468481
592243547950088193
592243561455685632
592243594146222080
592243607735816192
592243613548969984
592243625737740289
592243643915702273
592243684487274496
592243695061045248
592243702430466048
592243736878436352
592243737251618816
592243741366161409
592243744524541953
592243767501008896
592243768276877313
592243776967442432
592243791429390336
592243800241745921
592243804515782656
592243825831088128
592243847800848384
592243855765864448
592243875785224192
592243893741039617
592243914444177408
592243918369984512
592243924598714369
592243926586667009
592243934312566784
592243940369108993
592243941187158016
592243964096352257
592243969314017280
592243989639667713
592244080823799808
592244096460201986
592244101489242112
592244119080173568
592244121852465152
592244123362549760
592244123832287233
592244126818643968
592244136222302208
592244147899203584
592244165846671361
592244170409910272
592244187656949760
592244199572901888
592244213586141184
592244220515213312
592244225204293632
592244232129097729
592244243139153920
592244244556877825
592244284755021824
592244312110288896
592244344419000323
592244371107414017
592244388463562752
592244414354862080
592244416577961984
592244416942710784
592244433581514752
592244516414820354
592244556223025152
592244587361472512
592244599927640064
592244615975149569
592244618785263616
592244642810212352
592244647398866945
592244668005363713
592244668739420160
592244670232535040
592244670802960384
592244673097240576
592244700377034752
592244705347248128
592244705372471296
592244705615687680
592244720962678785
592244748225679360
592244765585838080
592244774943330304
592244775849459712
592244814931890176
592244817066733568
592244843310546945
592244847139917824
592244873291403264
592244898868269056
592244903016402944
592244906145370112
592244921744003073
592244922171854848
592244922004045824
592244925594370048
592244959601938432
592244970636980225
592244971543007232
592245024026267648
592245027012612096
592245042032431105
592245120553988096
592245140103663616
592245142163202048
592245179236487168
592245191001542657
592245295032860673
592245336661479424
592245353736462337
592245433516294144
592245459021762560
592245529662238721
592245537530843136
592245597794476032
592245627393716224
592245634326892544
592245635945861121
592245641407025152
592245659127840769
592245665985601536
592245673996787712
592245691742687232
592245694431436800
592245697157713920
592245732456865792
592245796914864129
592245827197734912
592245840258830337
592245887453257728
592245917895380992
592245943208128512
592245970164912129
592245985243484160
592245985264402432
592246059470082051
592246105464672256
592246110430756864
592246154751967235
592246170954506240
592246205368795136
592246206656483329
592246216890519552
592246219054960640
592246274914586624
592246278576164866
592246301703675904
592246311153496064
592246312126586880
592246337707450368
592246347295764480
592246399959322625
592246401775620097
592246536873979904
592246570013200385
592246604461015040
592246622093844481
592246637533106176
592246649897910272
592246663793639425
592246709511655424
592246733947719680
592246757351944192
592246768819048448
592246777702547456
592246780970041344
592246781481615360
592246809667317762
592246814641754112
592246828654985218
592246858979868672
592246875471753216
592246885278027776
592246975598202880
592246988831260673
592247002672553984
592247018220867585
592247038110146560
592247069793918977
592247109711192064
592247137372540929
592247140614733824
592247143185821696
592247151863824384
592247182423502848
592247216737124352
592247240611090432
592247242158804993
592247256713035777
592247275553820672
592247316247146496
592247319833219073
592247323159203841
592247347427418112
592247363994931201
592247371183955968
592247400271458305
592247408337100800
592247410799161344
592247425429073921
592247428004229120
592247432773152769
592247435822497792
592247448136851457
592248544783933442
592248567546294273
592248570037678080
592248571736403968
592248580791926784
592248589960654848
592248600932929537
592248610084917249
592248652820713472
592248654188032000
592248665600843776
592248700048539648
592248720755822593
592248724669145088
592248726091145218
592248767002189824
592248769283919872
592248797368950785
592248810337886208
592248821230370816
592248842591973376
592248853576814592
592248858807152640
592248859058778113
592248869926244352
592248905305227264
592248922657062913
592248929263034368
592248977182961665
592249021369978881
592249021781016576
592249052512686081
592249054739959808
592249059689287680
592249060347629568
592249104169762816
592249112268902400
592249113619656704
592249152253267969
592249159412883457
592249163519119360
592249175451914241
592249175930056704
592249183760875520
592249203012677632
592249218728759297
592249266543820801
592249272222949376
592249347913420800
592249414271389698
592249419610791936
592249425700913152
592249430062936064
592249439567286274
592249446206873600
592249483842445313
592249491991986176
592249502142201856
592249508156706816
592249510576820224
592249526091526144
592249527672832000
592249544538107905
592249553065091072
592249568785338369
592249589387919360
592249589828341760
592249596568567808
592249598892068865
592249604617277440
592249607687708672
592249639400771585
592249640679936000
592249682987913217
592249685324115969
592249707654717440
592249751296282625
592249778202902528
592249803934830592
592249836478537728
592249837824778241
592249837996773377
592249839238324225
592249853150760960
592249859270250497
592249871102423041
592249879495184384
592249895668572162
592249904480722944
592249924713975809
592249925519462400
592249941373952000
592249962731212800
592249981509111810
592249982960308224
592249994524004352
592250002581299203
592250007014748160
592250010080796672
592250021015199744
592250026769784832
592250094570733568
592250107279450112
592250121288581120
592250130230878208
592250132843798530
592250138032234496
592250158240301056
592250164812902400
592250171888566272
592250182818922496
592250191950049280
592250196442148864
592250217589821440
592250218587951105
592250228956209152
592250230529069056
592250234043965440
592250270450581504
592250305707782145
592250305821061120
592250329514782721
592250343632687105
592250385491890177
592250408707297281
592250432879075328
592250479905636352
592250480677400576
592250481055047680
592250484372721665
592250536511950848
592250538999291904
592250608033275904
592250610730270721
592250657739931648
592250682591170560
592250692271611904
592250693735587840
592250732461457409
592250734407626753
592250760903004160
592250768222081024
592250787843059712
592250907028426752
592250911923302401
592250919003279360
592250928390021120
592250941673312257
592250946203189248
592250961327980544
592250986091151360
592251036036771840
592251052096921600
592251090969731073
592251096778702848
592251111358115840
592251118282870784
592251151258517505
592251151506112512
592251196846411777
592251231147438081
592251242186838017
592251260067303425
592251261883265024
592251270796218368
592251280774434817
592251283454689280
592251338752405504
592251349636501504
592251366518710272
592251370826137600
592251373829296129
592251407278866434
592251412769157120
592251432721461249
592251434843799552
592251438845337600
592251468905865216
592251491039125504
592251520957227009
592251549566377984
592251554360471552
592251589131276288
592251590003666944
592251613378646016
592251620299255808
592251629115551744
592251632991121411
592251733390176256
592251747080376320
592251750763073536
592251752440668161
592251761261326336
592251776356720641
592251780437647360
592251791355551744
592251795021266944
592251805985275904
592251807809671168
592251843180244992
592251842991554560
592251868883120128
592251917343920129
592251920862949377
592252015440343041
592252064941518850
592252109522796544
592252175432036353
592252192129687552
592252257720258560
592252289693298688
592252298228707328
592252316440395776
592252404445388801
592252413605580800
592252424363986946
592252456161054721
592252460934172672
592252481142333440
592252542593077248
592252566429376512
592252590567489536
592252692338053121
592252730413985794
592252743642906624
592252747732258816
592252760587796480
592252772566880257
592252772659142657
592252785871171585
592252818687328256
592252875935387648
592253009184296960
592253073130541056
592253077450657792
592253083746308096
592253091258347520
592253107205083136
592253154919469056
592253156530094080
592253159629836288
592253247886209025
592253247877881857
592253283554590720
592253289195929600
592253304316399616
592253311731957761
592253329410895873
592253338915381249
592253385048391681
592253400261222400
592253438072729600
592253482977001472
592253484214292480
592253487502594048
592253520755068928
592253551453286400
592253587310256128
592253591592763393
592253603626102785
592253614942388226
592253621636505600
592253632860401664
592253640502595584
592253640854736896
592253643316862976
592253644017283072
592253647385272322
592253656969322496
592253659888549889
592253660907720704
592253663311110145
592253665529856000
592253671435436032
592253671854907392
592253683775119361
592253684802723840
592253686539157505
592253691790381057
592253700107735041
592253755061506048
592253792726319105
592253799160504320
592253803325358080
592253808094236672
592253815585280000
592253824838082560
592253825311879168
592253841162174464
592253891086974976
592253910175195136
592253915577495552
592253966718631937
592253977011433472
592254000952582144
592254009693573122
592254036738318336
592254061744881664
592254089532084224
592254098025492481
592254099984392192
592254116191043584
592254120431484931
592254128191057920
592254168519159809
592254173086814210
592254177146851329
592254225624633344
592254233300193280
592254270621163520
592254285087264768
592254291626168320
592254294398631936
592254297514999808
592254300060946432
592254301252222976
592254334630395905
592254357652905985
592254358521155584
592254363847888897
592254366058356736
592255399996297216
592255423278747648
592255423660580864
592255460436254720
592255485732069376
592255552706732033
592255562642886656
592255583346003968
592255597095030784
592255618863378435
592255635682664449
592255662261862400
592255674630807554
592255724698214401
592255727407738881
592255745246240768
592255753806741504
592255792465596417
592255817107132416
592255829253890048
592255840930824192
592255853597569024
592255886653038592
592255887823142913
592255906043207680
592255907217670144
592255915098644480
592255918470893569
592255929858527232
592256049723248642
592256079054053376
592256080224354304
592256160859758592
592256180350623746
592256200470863872
592256201141944320
592256246935212032
592256256473083904
592256349674700800
592256385557004288
592256457619480576
592256458047234049
592256458915500032
592256481178714112
592256481807896576
592256495988801537
592256503358226433
592256525290332161
592256529979473922
592256532806406144
592256588850667520
592256606152237056
592256631846535168
592256665107337216
592256670128017408
592256716282015744
592256722548301824
592256741192167424
592256747521310720
592256747903033344
592256755498754048
592256804320464898
592256810112851968
592256810465112064
592256818862166016
592256826965504000
592256852026589185
592256864487809024
592256882930233344
592256888189751296
592256909542981632
592256916853624832
592256928870506496
592256958977052673
592256965339811840
592256976358350849
592257002837037056
592257085267517440
592257108428627968
592257109489623041
592257150652526592
592257155165618176
592257166406463488
592257166729351168
592257188325773312
592257199314898944
592257207837675520
592257239366443008
592257255082434560
592257270416826368
592257274577453056
592257303643955200
592257325727023106
592257397588172801
592257398976290816
592257446783164417
592257460951388160
592257503817109504
592257503850803200
592257533739335680
592257541230362624
592257547131703297
592257604312793088
592257663867559937
592257673057284096
592257691654971392
592257693865234432
592257711401783296
592257827307065345
592257852623835136
592257996253696000
592258004831043584
592258030651084800
592258058803228672
592258085336391680
592258130383282177
592258194459602946
592258245189853185
592258254002094080
592258266715029504
592258284708564992
592258334008291329
592258408314724352
592258429470711809
592258432058597376
592258451062984705
592258497934274560
592258515986550785
592258579710746624
592258613688676352
592258633968254976
592258635587297280
592258654641860609
592258654654443521
592258656084709376
592258684815814657
592258743833792512
592258975535599616
592258982875660288
592258986511994880
592258987921436672
592258989838077952
592258992967028736
592259066434592768
592259073619329024
592259288141205504
592259312392773632
592259339945115648
592259384715005954
592259386946428928
592259408245104640
592259409692086272
592259429996765185
592259474439544833
592259508321128448
592259537765212160
592259656749318144
592259664672231424
592259704941838336
592259705805873154
592259716362801152
592259827692273664
592259840745037824
592259848273723392
592259902673911808
592259924819898368
592259984093655040
592260062841671681
592260109872529408
592260185965531136
592260219633205248
592260245172400128
592260249236582400
592260262423564288
592260280152760320
592260301724200960
592260334469173248
592260334422990848
592260352030572544
592260383806730240
592260409882730496
592260425531596801
592260641118752768
592260683888070656
592260865975406592
592260922925678593
592261072477822976
592261104790859776
592261136566718464
592261138630332416
592261146268176385
592261148596051968
592261150277939200
592261150588317696
592261152333115392
592261155449475072
592261157324394498
592261192636301313
592261358223269888
592261365982724096
592261414711996416
592261505673887744
592261543867260929
592261549718425600
592261650083762176
592261656954056704
592261682266644480
592261753611755520
592261809480069120
592261860289839104
592261882528018432
592261945039855616
592261978149650433
592262172954259459
592262222979534848
592262295079800832
592262317762433026
592262322099486720
592262375555891200
592262393754976257
592262412700667904
592262414130814976
592262416563445760
592262423559573504
592262429637128192
592262462939996160
592262485291339776
592262491419213824
592262503905632256
592262509521829889
592262535987990529
592262562827251712
592262567361454080
592262590790676480
592262661758291969
592262671950483457
592262771833708544
592262804066807808
592262858190139394
592262893019799552
592262947033874432
592262949420474368
592262957112938496
592262976700174336
592262995511771136
592263001186656256
592263025836568576
592263044735991808
592263086272225280
592263121500123137
592263130270437376
592263140580007936
592263152005353472
592263152504545280
592263250890264576
592263251267715072
592263344012136448
592263401335717889
592263418700115968
592263445107445760
592263472458543104
592263504196804608
592263542176423936
592263548945846272
592263646870372352
592263668772917249
592263669280600064
592263681091600384
592263788793090048
592263792572010496
592263811991621632
592263858678407168
592263934905688065
592263938261127169
592263947555766273
592263949610913792
592263949946523648
592263964387454976
592263967797555201
592263970481836032
592263983467352064
592264017323888640
592264019324481536
592264050685403136
592264053352861699
592264057823997953
592264058184675328
592264065361182720
592264125134213121
592264185582518272
592264187503489026
592264198828077057
592264215500443648
592264223243313152
592264287009144833
592264312330137601
592264315681382401
592264338833940480
592264343154135040
592264359767773184
592264369578184704
592264378344341504
592264451702685696
592264457537114112
592264479083134977
592264513585434625
592264520694923267
592264523916115968
592264523723112450
592264532304629760
592264541163032578
592264560108638210
592264571815006209
592264610847285248
592265675432853506
592265679815999488
592265694722396160
592265712347062272
592265714754392064
592265744391495680
592265748388683776
592265779963236352
592265798158159872
592265809726205952
592265815489019904
592265819662356480
592265955083849729
592265987682074624
592266022746337280
592266051036975104
592266055625617408
592266074768297984
592266137292910592
592266146868396033
592266163209535489
592266192280236032
592266196675788801
592266198974246912
592266201511776256
592266202027692032
592266239113883649
592266279270096897
592266280872337409
592266294113673216
592266302267392000
592266310043598848
592266315831861248
592266332911116290
592266341790318593
592266368638005248
592266418755768320
592266445905645569
592266473919352832
592266485738786816
592266550293344256
592266563560017921
592266615036715008
592266619155394560
592266621797957632
592266647240581120
592266685777739776
592266781445758976
592266845102575617
592266888874430464
592266901348286465
592266915847933953
592266917550755841
592266960643186689
592266975704969216
592266986744197120
592266996806463489
592267061616750592
592267070680752128
592267103215882240
592267135058972672
592267138968080384
592267140587126785
592267156089253888
592267158463205376
592267158534553600
592267161344684032
592267170324750336
592267175198502912
592267175462735872
592267177224376320
592267178159644672
592267180118409216
592267182672777216
592267184820195330
592267192365780992
592267194009980928
592267196283244544
592267201538691073
592267204143370240
592267206085349376
592267212993495041
592267216134938624
592267222564777985
592267223009366017
592267225802772480
592267234862497792
592267241556545536
592267242131197952
592267242974355459
592267243083337728
592267243339186177
592267245838929920
592267263023054848
592267343641878529
592267367473774592
592267371592732673
592267380056698880
592267393474424833
592267394782920704
592267411438592000
592267500349431810
592267509157502976
592267510956822528
592267526106697728
592267526098329600
592267541067632641
592267566258790400
592267584755597313
592267667412779008
592267699302047744
592267721548652544
592267737067491328
592267785125830656
592267788120510464
592267809666637824
592267818827173888
592267820903182336
592267888083476480
592267936376586240
592267947315306496
592267981461164032
592267998322434048
592268250177638402
592268284784988160
592268285187530753
592268286244429824
592268291290353664
592268312756809728
592268321124286465
592268386127712256
592268419531218944
592268538569564162
592268552926724096
592268592479014913
592268668098207744
592268677837271040
592268720916934657
592268753309675520
592268786952118273
592268808078798848
592268818493349889
592268878228561920
592268923355041792
592268942413959168
592268963997831169
592269030221750273
592269056847151104
592269094805614592
592269149948121088
592269299571564546
592269342143840256
592269542061051904
592269549673836544
592269644351700992
592269663641292801
592269673388978176
592269709501861888
592269720176361473
592269792393826304
592269809376714752
592269819480670210
592269836497092608
592269855895769088
592269953903894528
592269956726722560
592269982702116865
592270064885239809
592270084703268864
592270109546184704
592270112280813568
592270234674974720
592270302064812032
592270303428005889
592270342523060224
592270386189836288
592270392804376576
592270412278444032
592270458612883456
592270464162074624
592270613689016320
592270639592943616
592270648874926080
592270664309964801
592270681611444224
592270707297366017
592270774574161920
592270795059036160
592270811387539456
592271251277615105
592271304352337922
592271349609017345
592271422384279552
592271520585515008
592271531138506753
592271543503233024
592271565942878208
592271588013256704
592271600625577985
592271607646662656
592271610725273600
592271625594097664
592272078084165632
592272112485818368
592272314483535873
592272369743331328
592272373891497984
592272438127276032
592272496507822081
592272645485404161
592272685012373504
592272812951351296
592272812745691136
592272844740022272
592272880253030402
592272886158663681
592272918790279168
592272924297568256
592272954395795456
592272956962770944
592272960725090305
592273595860004864
592273681755176960
592273697114857472
592273700491145218
592273728886575104
592273768799604736
592273794133204992
592273802370813952
592273953386680320
592273957618782208
592273959191769088
592274001298325504
592274591071899648
592274639725924352
592274691856797696
592274739491696640
592274774992257024
592274778938945536
592275103041376256
592275244343263232
592275262349320192
592275288429584384
592275332431880192
592275350245150720
592275378368061440
592275436446420992
592275486530666497
592275692189929472
592275708484984832
592275862138978304
592275921865838592
592275931630178304
592275993827512321
592276082058858497
592276098399907841
592276142897377280
592276156776206337
592276172752293888
592276246303625216
592276413950001152
592276483969785856
592276517306048513
592276568698785792
592276569806098432
592276611464036352
592276679885651969
592276686881878016
592276714119507968
592276778812485632
592277110527373312
592277127585787904
592277255260372992
592277312361533440
592277319701626880
592277346033471488
592277422566875137
592277494117437440
592277500392124417
592277535414624256
592277605128261632
592277675672096769
592277690985525248
592277700548526080
592277702867951616
592277713714450433
592277714247098368
592277739421339649
592277748812414976
592277901489283072
592278108486565889
592278113230278656
592278332915388416
592278404302442497
592278453094715392
592278489706954752
592278673048281088
592278750462488576
592278762236018689
592279908841172994
592279936355803136
592279942773125120
592279943448502274
592280012893466625
592280105684115456
592280143340535808
592280214962642944
592281259176394752
592281302377848832
592281370191204352
592281375333621762
592281525468561408
592281535711064064
592281628791025667
592281895070609408
592281896697991170
592281914393886720
592281916495167489
592282175808020480
592282328472358912
592282368230195200
592282399074979840
592282423741837312
592282465550536704
592282522316185601
592282560299802624
592282630004936706
592282641954643968
592282735823159296
592282781230575617
592283043492196353
592283114384195584
592283143442333696
592283165353484288
592283243266748416
592283282575855617
592283294214934529
592283311239778306
592283313395474432
592283317916962816
592283347021357056
592283365497122816
592283467116773377
592283481264168960
592283482925170688
592283504253214721
592283556614778880
592283633215414272
592283645311897600
592283656862834688
592283707341287424
592283784688467969
592283812891000832
592283827130609664
592283877902655489
592283878754123776
592283917589184513
592283945212907522
592283983892717568
592284019636604928
592284202252414976
592284249098555392
592284374441197568
592284409107120130
592284450517430272
592284466736812032
592284491101634560
592284495170011136
592284501117632512
592284547162574849
592284579966242816
592284611687747584
592284612446945280
592284618511888384
592284646060130305
592284655912497152
592284655572951040
592284683905454080
592284694244302849
592284697268355072
592284744861093888
592284762682720256
592284780223340544
592284804575416321
592284818898976768
592284819406487552
592284898691391489
592284941720940544
592284992434081792
592285003662241792
592285019411849216
592285039628431361
592285094573789184
592285205127241728
592285371016355840
592285386266677248
592285400439214080
592285431544184832
592285465799065600
592285475567640576
592285481208979457
592285560338690049
592285578726547456
592285647445954560
592285676097425408
592285694359261185
592285702676619265
592285735807385600
592285788949258240
592285996785410049
592286024199340033
592286145406312448
592286172077895681
592286209730195457
592286212095881217
592286251727720448
592286305473593344
592286418636013568
592286476034904066
592286541369708544
592286548428771328
592286579302993920
592286585988718592
592286619194957824
592286689961201668
592286697850687488
592286709418741760
592286720378478592
592286747188338688
592286797767385088
592286824590094336
592286860962963456
592286862191919104
592286882647691264
592286901861658624
592286911378501632
592286944484151296
592286992412479489
592287004953546754
592287075300442112
592287080874651649
592287126693240832
592287137195687937
592287209346043904
592287224546332672
592287228996374528
592287232192598017
592287244934914048
592287271459520512
592287325431996416
592287455832748033
592287539999809536
592287611877781504
592287678537867264
592287687375216641
592287695629520897
592287712692015104
592287758942535680
592287804761239553
592287915696332800
592287972692627456
592287985732689920
592288079559335937
592288088061128704
592288110538424321
592288118725693441
592288139655315456
592288158273777664
592288215484076033
592288217564610560
592288441745973248
592288471730946049
592288500713541633
592288592380198912
592288656272052224
592288660260655104
592288776468045824
592288833678364672
592288858018074624
592288909318565888
592288947012698112
592289078646673408
592289130140303361
592289182405431296
592289218866450432
592289281843990529
592289307030786048
592289347002597376
592289347174604800
592289384822628352
592289509640810496
592289513549869056
592289574417735681
592289597863768064
592289670253285376
592289732429631488
592289767972151297
592289802189307904
592289815246278657
592291143779389440
592291367860088832
592291393466335233
592291397459267584
592291408230293505
592291410549739520
592291410553884672
592291433882603520
592291467244081153
592291508524621824
592291566078689281
592291606461427712
592291609749823488
592291683238281216
592291787412242432
592291907012665344
592291940055388160
592292020414226432
592292082946936833
592292106133049345
592292129830883328
592292148281671681
592292153679740929
592292155042893824
592292168598958080
592292218326548481
592292224542445568
592292230930505729
592292255601455104
592292423923081216
592292523155935232
592292548741173249
592292626042384384
592292784943407104
592292825473028097
592292839318392832
592292940413804546
592292996604825604
592293019048484864
592293037209845761
592293114649255936
592293128528265216
592293131661418496
592293132789649408
592293135083941888
592293137483051008
592293139781521408
592293139743780865
592293144525447168
592293145116708864
592293163806494720
592293165324849152
592293187974082560
592293200112390145
592293201681100800
592293202985488385
592293204445134848
592293206198394880
592293207142060032
592293208584916992
592293210161946625
592293211743227904
592293213202874368
592293214716960769
592293242525208577
592293248808300544
592293291724382209
592293314646253568
592293351476441088
592293363438657537
592293389221036032
592293470850519040
592293648680685568
592293749784453120
592293812770222080
592293813218971649
592293813281894400
592293813390942208
592293813181239296
592293860681723906
592293900229959681
592293965971509248
592294099073400834
592294119281561600
592294212420247552
592294222838894592
592294246721323008
592294290166022145
592294321782652928
592294375381688320
592294506306863104
592294542067412993
592294603455205376
592294698972090368
592294702172348416
592294749526175744
592294945228255232
592294972201836544
592295089394749440
592295135288889344
592295264402059265
592295298896105472
592295419931185152
592295542639697920
592295790309089280
592295794197340160
592295806692106240
592295809963687936
592295820956827649
592295850941886464
592295861318586368
592295890292977664
592295972966825984
592295993627910144
592296072204001280
592296174696169472
592296231851794432
592296404954910721
592296428879220736
592296507253993472
592296676448083968
592296782329192448
592296797562744832
592296872447856640
592297015989567489
592297027452604417
592297082595115009
592297110260682752
592297118993231872
592297203055616002
592297204808814594
592297229198569472
592297245795463168
592297247049580544
592297351324119041
592297357972086784
592297402133909505
592297402222022657
592297419909500930
592297470648016896
592297478839480320
592297495717285888
592297502809956354
592297516181237761
592297646691328003
592297691851268096
592297740207464448
592297793227718657
592297885611401217
592297957921193986
592297966389633025
592297979723141120
592298036920864769
592298041861926912
592298043044536320
592298128130248705
592298134220374016
592298142948794368
592298170291326976
592298307340210176
592298327623925760
592298332065673216
592298338646564864
592298344006848515
592298348339548161
592298360763068417
592298402286673920
592298462902792192
592298530078924800
592298657115820032
592298667111010304
592298678746017792
592298734177751040
592298734270066688
592298734202945536
592298734710460416
592298734496579584
592298734769176577
592298734395863041
592298734723051520
592298734341390336
592298764511109121
592298838892814336
592298853338107904
592298976352677888
592299044069748737
592299057701335040
592299100462190593
592299173493485568
592299404733874178
592299466910146560
592299502209519616
592299519372562433
592299532358012928
592299541153480704
592299617229766656
592299635508555776
592299657952403456
592299670933676032
592299961351442433
592300031857688576
592301272860069888
592301285220552704
592301290790789122
592301457744986112
592301478330654720
592302804506701825
592302825717125120
592302836429365248
592303026049720320
592303032047575040
592303036246069248
592303038934614016
592303106844590081
592303210515267584
592303253330604032
592303336629506049
592303392531226624
592303395475587072
592303597343354881
592303650887733250
592303650929823744
592303673889423360
592303689227841536
592303796820258816
592303800834134017
592303811366105088
592303879410163713
592303886062526464
592303941863514112
592303977154285568
592304010792546304
592304056988602368
592304059983400961
592304163146502145
592304206964465665
592304230259634177
592304237134118913
592304336174067712
592304476498882561
592304526457114624
592304584145633280
592304617796595712
592304635244720134
592304651493462016
592304796696055809
592304877390278657
592304887012044801
592304899984986112
592304905034932225
592304911859064832
592304940841730048
592304964472442881
592304967051939840
592304994440716288
592304997460643841
592305003093569536
592305005903810560
592305030339768320
592305059699888129
592305114242625536
592305199252803584
592305236972208128
592305325841129476
592305352336543744
592305352839929856
592305361903702018
592305433252990977
592305462369882113
592305475951075328
592305478882856961
592305495752466432
592305508318511104
592305527595470849
592305554120265730
592305555219222528
592305590677872640
592305604586295296
592305623523397634
592305674555564033
592305695002755072
592305705236832257
592305709703831553
592305711683608577
592305721825300480
592305728997564419
592305729949696002
592305740053786626
592305750313152512
592305752506662912
592305786946125824
592305794994933760
592305849520918528
592305857934675969
592305859427897344
592305874397310976
592305883998093312
592305907427479553
592305938922516481
592305942160543746
592305942995206145
592305958967095297
592305978751602689
592306081830871041
592306104656236544
592306106090696704
592306167587672064
592306178182418432
592306193923604480
592306211170557953
592306219274014721
592306220817481729
592306238584590336
592306259044401152
592306271509950464
592306282369064960
592306287867658243
592306289562157056
592306290237546496
592306293718667264
592306296663121921
592306313545154560
592306329970061312
592306351138676736
592306361569968129
592306386446475264
592306386505113600
592306438132740097
592306489005486081
592306490968379392
592306515739947008
592306524535459840
592306531858690049
592306550791770113
592306584815931392
592306593892474882
592306597667282944
592306627522342913
592306628197777409
592306647046959105
592306690189492224
592306697579794432
592306705297313793
592306711794298880
592306783999250433
592306784506753024
592306797010104321
592306814076653568
592306815326560256
592306823480246272
592306825384611840
592306834398052354
592306835136221186
592306846901379072
592306851573706752
592306881177231360
592306888672350208
592306889234337793
592307002564419584
592307107052933120
592307134521421824
592307177810857984
592307216952070144
592307267153760256
592307357914255362
592307365233307649
592307374364459008
592307401505841153
592307421629927424
592307421458071553
592307445311021056
592307485479829505
592307561187115008
592307589645475841
592307600328372224
592307629625446400
592307638060195840
592307663876198403
592307669576318976
592307709040459776
592307785758420992
592307812505616384
592307822584430592
592307896488165376
592307898471952384
592307906596372480
592307915878313984
592307943401336833
592307988003557377
592308091019927552
592308117683179520
592308129813008384
592308151459848193
592308165149995009
592308210687705088
592308248952315904
592308317692755968
592308366656950272
592308391814402048
592308390463938560
592308419085766658
592308518331383808
592308541379096578
592308564997349376
592308583422828546
592308671050338304
592308671998078976
592308688989224960
592308754911080448
592308805196648448
592308834154065923
592308893226835968
592308926412001280
592308953981317120
592308965813387264
592309048004841472
592309070813532160
592309120486809600
592309135011545089
592309253471219712
592309290616037376
592309311524601856
592309348640002048
592309361214533632
592309485164593152
592309486833963008
592309547861180417
592309585861595136
592309630191042560
592309703989919744
592309712705585152
592309736030109696
592309839197392896
592309856079511552
592309906696462336
592309918096494594
592309918180319232
592309919623188481
592309925830729729
592310371974656000
592310379977379840
592310393760002048
592310417558360064
592310440870313984
592310546570969092
592310547493867521
592310643383881728
592310665445945344
592310897005191168
592310957071732736
592311041981345793
592311101884248064
592311135556096000
592311228627750912
592311257429987328
592311323448315904
592311333313359873
592311353383133184
592311376321871872
592311400837459968
592311501156814848
592311508710793216
592311693612425216
592311723534602241
592311744900403200
592311891822661632
592311895341707264
592311897652895744
592311905131180032
592311907773734912
592312029131583488
592312088929828866
592312186686472194
592312247201845249
592312248745398272
592312300742127617
592312324075212800
592312331146670080
592312335747788801
592312339887558656
592312354789961728
592312357398843392
592312373232279552
592312377405640705
592312382292041728
592312388138893313
592312392169574402
592312399178268672
592312415133413378
592312419277414401
592312567273365504
592313777070170112
592314064153354241
592314111603671040
592314153148162048
592314181262651392
592314241987710976
592314249193525249
592314273717682176
592314626274037760
592314639519653892
592314662072360960
592314768544763905
592314770289623040
592314799536508928
592314810894839808
592314831224471552
592314840930127872
592314857224966144
592315039870156800
592315078076026880
592315213761744897
592315221043245056
592315237891584003
592315454993113088
592315518733815808
592315522550607872
592315551055257600
592315553961750529
592315561679388673
592315570600579072
592315576590016512
592315615261503489
592315698463920128
592315811475292160
592315911043842049
592315950638223360
592315955549753345
592315973425737731
592315979385868288
592319834882322433
592319931762417664
592319931275948032
592320078806274049
592320122569633794
592320261560475648
592320343936667648
592320350349697024
592320651182014464
592320671843246080
592320782426099712
592320784338550784
592320881025622016
592321054112100352
592321110349328385
592321206281310208
592321262736793600
592321860798423041
592321882130501632
592321943136788480
592321963810390016
592322014263705600
592322014725087232
592322027005947904
592322030772490240
592322034304028672
592322037063942144
592322041660841984
592322044018044928
592322047918743552
592322052213706752
592322053753057281
592322056672260096
592322060010950657
592322063223754752
592322065484550146
592322068902846465
592322071750774785
592322074565160961
592322078113574912
592322080219074560
592322083054465026
592322085856251904
592322087798181888
592322088683212800
592322088985198592
592322091795394560
592322092491640833
592322092713906176
592322092818763776
592322092789444609
592322093099851776
592322092856578049
592322093217251328
592322093389258752
592322092831387648
592322096329412608
592322097763848195
592322099366137857
592322100976689153
592322102327259136
592322103824646144
592322105301045249
592322106651594752
592322107306078208
592322108148973570
592322109524742146
592322153669853184
592322197496012800
592322213551837184
592322261001981952
592322311728005121
592322331260903424
592322392434692097
592322631967215616
592322651537956864
592322671247028224
592322710820126720
592322823575740416
592322843423145984
592322901501734913
592322903649218560
592322999619031040
592323137317916672
592323139951939584
592323142615347201
592323141919182848
592323142653222913
592323145832337411
592323150416728064
592323151742177280
592323154724261888
592323157802950656
592323161674252289
592323165008728064
592323167332401152
592323169471467520
592323171786694656
592323174680776704
592323177130274816
592323180502454272
592323183178489856
592323185988603904
592323188970758144
592323191512535040
592323194247192577
592323197535592448
592323198085156866
592323200102453248
592323202870693888
592323205496373249
592323208428195840
592323211435462656
592323214161772544
592323217131311105
592323220172242948
592323222642688000
592323225893212160
592323225750786048
592323229257060352
592324063109861377
592324483567882240
592324514110910464
592324553403015168
592324614430162945
592324625901682690
592325141620719616
592325160742432768
592325245006024705
592325248969625600
592325403550687232
592325513487585281
592325615166042112
592325770594230274
592325849338122240
592326044524408832
592326522956095488
592326525149667328
592326526294695936
592326544774795264
592326562021711873
592326564110585856
592326608108785664
592326624265154561
592326783791337472
592326893388570625
592327174700593153
592327199207792641
592327278807359488
592327293726425088
592327348516585472
592327391613210625
592327394008043520
592327483984314369
592327602045624321
592327656026329089
592327673994563584
592327913040576512
592327933353570304
592327938877497344
592327991062986752
592328033706516481
592328060646465536
592328082440069120
592328105596887040
592328113708630016
592328138564063232
592328180851159041
592328185334771712
592328298249629697
592328323247841281
592328353132224512
592328358219915266
592328384249626627
592328394928304128
592328396216086529
592328397541412864
592328433977327617
592328470492880896
592328479271620609
592328501572808704
592328505494405120
592328525048369152
592328535802384384
592328537639497729
592328555461222401
592328560808833025
592328647639314432
592328673774014465
592328725573685249
592328729214357506
592328733714882562
592328763658014721
592328765516066816
592328838497083393
592328845732118529
592328869564313600
592328885104181249
592328914145386496
592328918587211776
592328923096068096
592328944478650368
592328952917598208
592328960354095105
592328963474661377
592328997507207168
592329036354834433
592329056701415424
592329070622289920
592329142395219968
592329151962447872
592329154516791296
592329185189826560
592329195495301121
592329207868497920
592329214604382209
592329223446073344
592329226792996865
592329240298696704
592329246862807040
592329279993749504
592329285756588033
592329329486487552
592329365385416706
592329368224989186
592329461262995458
592329477075505152
592329544675143680
592329575297748992
592329694671872001
592329739508912128
592329891854438400
592329891925786628
592329892647174144
592329926755266560
592329983307153408
592329995202203650
592330029440327680
592330030195183616
592330047396052992
592330099120279552
592330290581868544
592330346479259648
592330353538240513
592330473956712449
592330595432157185
592330667419013120
592330671630213121
592330722448314369
592330742895550464
592330745584033793
592330748847206400
592330758145978368
592330768782753793
592330784414896128
592330808481882112
592330818648936449
592330825833648128
592330830162239488
592330834331340801
592330834629144576
592330839083524096
592330844095651841
592330848008998912
592330852505255936
592330855118311424
592330855030202368
592330855218970624
592330855277731842
592330855349030912
592330855239954433
592330855302893568
592330855437045760
592330855483187200
592330855789395969
592330855537741824
592330855990702080
592330855919407104
592330855839739907
592330856083034115
592330856229801984
592330856619839488
592330856137498626
592330860805763073
592330868087074816
592330885992591362
592330886722375680
592330890505691136
592330894418915328
592330901150830592
592330905257050117
592330908826402816
592330913440137217
592330916443332609
592330917462417408
592330921488973825
592330926371184641
592330930607403012
592330935078559745
592330940740829184
592330943823675392
592330947917324288
592330954032619520
592330957799034881
592330957237063681
592330961867538434
592330968268021761
592330968159006722
592330972202278912
592330972223315969
592330972391026689
592330972630126592
592330972827291648
592330972734955520
592330972915310593
592330974685302784
592330981035544577
592330981207478272
592330984718143488
592330991718404097
592330997363974144
592330997816958976
592331000803233792
592331002455851008
592331006608183296
592331010815070209
592331015915315200
592331019358838784
592331023926431745
592331027160248321
592331030700240896
592331032377987072
592331032331833344
592331032352792576
592331033686581249
592331033988628480
592331034122788866
592331034147979265
592331034219253760
592331034181509120
592331034265452544
592331034374471680
592331034252816384
592331035867680770
592331036169666560
592331036375126018
592331036375195649
592331036400361472
592331036513538048
592331037553758209
592331041903226880
592331046198194176
592331046659600384
592331047754342400
592331050178596865
592331050082119680
592331050258337792
592331050346385408
592331050434433025
592331050526773248
592331050660986880
592331050761617408
592331050820337664
592331050983890945
592331052942630916
592331052980379648
592331053097881600
592331053089435648
592331053110415360
592331053236236289
592331053219479552
592331053273980929
592331053441814528
592331053471174656
592331053399867393
592331053580222464
592331053555056640
592331053454331904
592331053567578113
592331053823434753
592331053781504003
592331053798268928
592331053844443136
592331057233403905
592331057170489344
592331057237598208
592331057271209984
592331057468313600
592331057485074433
592331057522835456
592331057627729924
592331057959030785
592331058281984000
592331058533703680
592331062400847872
592331062740586496
592331123386089472
592331156172902400
592331163508740096
592331173252108289
592331175026237440
592331179371667456
592331287668523009
592331409366380544
592331408649146368
592331434523697152
592331491037859840
592331502160982016
592331550554984449
592331567986581504
592331593089470464
592331765512933376
592331804255752192
592331825487437825
592331902377295872
592331909998333953
592332091225874433
592332108053483520
592332141645660160
592332160708706304
592332172645699584
592332176261140480
592332194338713600
592332255831306240
592332296671232000
592332307337359360
592332318519336960
592332543267069952
592332586090897410
592332625471123457
592332628822466560
592332644903292932
592332700851142657
592332755951747073
592332848129937408
592332848444485633
592332848931016705
592332862814228481
592332908431544321
592332962730905600
592332962500255745
592332968506470400
592332968540016640
592332980485500928
592333032985665536
592333042263392256
592333048772984833
592333244378402816
592333402302337025
592333419906015235
592333454513057792
592333532661305345
592334391621222401
592334420398383104
592334481152815105
592334481811513344
592334512182296578
592334578901123073
592334786850598912
592334798229622784
592334814772121601
592334882728083457
592334888734478336
592334894329507842
592334939800117250
592334950432538624
592334950696890368
592335000902602752
592335155135524864
592335379438694402
592335488373010433
592335549005963264
592335559865061378
592335598037307394
592335600423809025
592335602588196864
592335655167864832
592335661153128449
592335971695210496
592336038045057024
592336065689559042
592336083859345408
592336142915231744
592336305528287232
592336340320157697
592336342849314816
592336343524511744
592336483140251651
592336572827226112
592336641349550081
592336794924011520
592336812959399937
592336918421045250
592336982195314689
592336991909445634
592336993461391360
592337014969610241
592337127179886592
592337204887748608
592337248076435457
592337293798674432
592337334177288193
592337353043120128
592337362094534656
592337414699483136
592337467660898305
592337476351561728
592337571159494656
592337688981823488
592337755755024384
592337771940999168
592337834570358784
592337868057485312
592337877591162881
592337935241842689
592337965046706176
592338018104647680
592338112614834176
592338137960943616
592338211977977856
592338226137829376
592338286103789568
592338314511843329
592338333549797378
592338378865147905
592338398909632514
592338436410867712
592338485702316032
592338488734842880
592338493965144065
592338593542057984
592338606418632704
592338680028598273
592338758986371074
592338822458925057
592338870215180289
592338898254192641
592338916532834304
592338942713823232
592338956127064065
592339100184801280
592339111282769924
592339142614392832
592339186511929344
592339481132433408
592339523368947713
592339532667748352
592339550740951040
592339553555386368
592339595632713728
592339652960329729
592339665551654912
592339744115195905
592339851325878272
592339853951504387
592339871093624833
592339932313587713
592340019400024064
592340096747081729
592340314460946432
592340373751529472
592340446254272512
592340607185473537
592340659186638848
592340674701238272
592340685765943296
592340736168861696
592340761141760001
592340780053729280
592340812517736448
592340858998902784
592340911943618561
592340914128850947
592340932776726529
592340984949657601
592341003584974848
592341161391456256
592341161873788928
592341192232148992
592341414995853315
592341426597449729
592341476593414145
592341502690512896
592341509283807232
592341528397230080
592341558873063424
592341585729179648
592341616205008897
592341649990135809
592341714116841472
592341719309426690
592341758425440257
592341790080008192
592341804302733312
592341811357552642
592341825165234176
592341840310968322
592341866554744833
592341914197708800
592341916701753344
592342056846036992
592342089683238912
592342164966772738
592342301478793216
592342312405094400
592342329454960642
592342380809883648
592342402469212161
592342462221275136
592342475999612930
592342482702225410
592342499571687424
592342500444012544
592342508966846464
592342514243219456
592342521990152192
592342532954066945
592342562536488961
592342587664568320
592342617859358722
592342680065036289
592342783848939524
592342812638613505
592342920050511872
592342998429478912
592343005090029568
592343052972269568
592343062484881408
592343068755369984
592343092495192066
592343130923368448
592343174086991875
592343197528948737
592343212150272001
592343242374385664
592343282367115266
592343324037513218
592343397257510912
592343407999062018
592343441402630144
592343498461962240
592343502559707137
592343518800007168
592343535979876352
592343615076106240
592343641173073920
592343672198332416
592343680813371392
592343683439046656
592343696701554688
592343741257674752
592343744281710592
592343768797290496
592343780356915200
592343811080065025
592343821729472512
592343842462035968
592343862435192835
592343877199081473
592343886455934976
592343921998450689
592343930814922753
592343966353227777
592344004538183682
592344044203708416
592344057302646784
592344085391769601
592344168065818625
592344170955612160
592344193193811968
592344257760886784
592344262542434304
592344273514696705
592344274198515712
592344297543847937
592344338547412995
592344352443236352
592344353290485760
592344365692887040
592344450300452865
592344462262599681
592344471699722241
592344483334860800
592344500736905217
592344557792022529
592344564876185600
592344565576650752
592344576133767168
592344581305315328
592344590956437505
592344606773157889
592344647382409216
592344668009955328
592344672795697152
592344688692178944
592344690998947841
592344691544317952
592344695423938560
592344716953329664
592344816870109184
592344882066366464
592344892363374593
592344915620696065
592344940975247361
592344951301668864
592344960386473985
592344981643210752
592345003369725952
592345004741251072
592345019463303168
592345027088515072
592345035066052608
592345050916368384
592345062282907649
592345105131900928
592345109754204160
592345118843084800
592345142528319489
592345148589150209
592345176850309120
592345177072607233
592345236124336129
592345258719064064
592345259276771330
592345261906595840
592345263710208000
592345264414920704
592345282257387520
592345290696437760
592345328763928577
592345331788062720
592345365631795200
592345399110868993
592346486819553280
592346513499660289
592346518553763842
592346570936291328
592346604599836672
592346606919229442
592346658333134849
592346753099169792
592346766025994241
592346773772902400
592346826302304256
592346827363454977
592346829943021568
592346889493721089
592346962747228160
592346994653286400
592347025431072768
592347031269613569
592347143832150017
592347246898753537
592347246991114241
592347294265016320
592347320865398784
592347329199525888
592347360618876928
592347366834896897
592347371050127361
592347419100258305
592347451207487488
592347454265118720
592347478512381954
592347532560236544
592347561698033664
592347909607141378
592347919245672449
592347967564034049
592348060862152704
592348066117627904
592348095100256256
592348122812162048
592348151178072067
592348261526056960
592348283869073408
592348333663850496
592348443743539200
592348448495538176
592348504330088450
592348516963356672
592348661075447808
592348678049767424
592348737457950721
592348743724175361
592348923294916608
592348961626664960
592349055478419456
592349098658832385
592349124940275712
592349137439313921
592349175582326785
592349189066989568
592349198374346753
592349234332053506
592349382722236417
592349394369785858
592349446756704257
592349560892096513
592349608715505664
592349613253787648
592349708313563136
592349736717320192
592349826878083072
592349979647180800
592350009309450241
592350010500583425
592350015076618242
592350054385459200
592350063269060608
592350096961970177
592350267837784065
592350283444793346
592350338029473793
592350374440275968
592350450122264576
592350454723411968
592350460247343106
592350748416937984
592350759057956864
592350773461131265
592350805635760128
592350856776798209
592350885046591489
592350903539265537
592350929929838592
592350940830703618
592350944114806784
592351043712876544
592351059877744641
592351126512476160
592351201238360064
592351288601415681
592351309291913217
592351491668643840
592351586833149952
592351595393748993
592351635290136578
592351740269174785
592351793612509184
592351796254769152
592351872624779265
592351891272536064
592352054070226944
592352076279087104
592352149847154689
592352173897469952
592352176330018817
592352191664377857
592352282240397312
592352395989942272
592352563996938240
592352598495141890
592352609823916032
592352742540124160
592352805458874369
592352841534017536
592352889164693504
592352984966672384
592353129921978368
592353158350897152
592353173215412225
592353243830689792
592353270015766529
592353301456293888
592353328014761986
592353365121609729
592353458499497985
592353529626525696
592353535578116096
592353566603350016
592353567698128896
592353618587594752
592353648996286465
592353784086589440
592353786514919424
592353823370317824
592353865846095872
592353918945857537
592354151108980737
592354159807967232
592354167194193920
592354211863470081
592354213251796993
592354344558690304
592354397738409986
592354598532190208
592354674038079489
592354712025890816
592354734817705984
592354780795666434
592354820578750464
592354865160003584
592354906859642880
592355044235710464
592355081212690433
592355281209794560
592355449070100481
592355490841001986
592355494246928384
592355552430137344
592355560906952704
592355605454651394
592355727773073409
592355728368619520
592355730750967808
592355730969137152
592355732554526720
592355734592950272
592355735503114240
592355737877094400
592355739739369472
592355757300981760
592355955876175872
592356007554187266
592356022397730816
592356227012788224
592356297623896064
592356460077699072
592356478385721346
592356492235288577
592356549164535809
592356569989324800
592356585969561601
592356605154304000
592356628151668737
592356671508389888
592356692471349248
592356726923460609
592356761043996672
592356907374882816
592356908503302146
592356940660998145
592356954636431360
592357014132629504
592357077114331137
592357095367901185
592357096622039041
592357101248323584
592357126246367232
592357142880980992
592357154973093888
592357230386745344
592357231649161217
592357241371504642
592357261965557761
592357263031050241
592357279673921536
592357280617738240
592357459882291201
592357481382170624
592357487526809600
592357520582250496
592357624600989697
592357640178544640
592357717634785280
592357736588791809
592357738983727104
592357738971148288
592357738979545088
592357739176730624
592357739059286017
592357739080208384
592357739306684416
592357739092836352
592357739696824322
592357741978517504
592357745149411329
592357754141937664
592357754213269504
592357781090349057
592357783489650688
592357784999464961
592357829354237952
592357858580148225
592357868814213120
592357871670558721
592357876175220736
592357877404147713
592357877844586496
592357905887666178
592357943359635456
592357948208349184
592357984044331008
592357997076193280
592357997096996865
592358012959989760
592358074830213120
592358076902187009
592358088155344896
592358152076562432
592358168136720384
592358195496030208
592358209685327872
592358263863128064
592358323715866625
592358352836898816
592358354795659264
592358385078566914
592358406884818944
592358447569510401
592358462106906624
592358482407518208
592358484122804224
592358487059013632
592358494902296576
592358507183235073
592358524451065857
592358525109547008
592358541790285824
592358631728787456
592358673034452992
592358675873984513
592358759227351041
592358867893256192
592358899795243010
592358925002903552
592358927255212033
592358935589322752
592359013334917120
592359023241867264
592359025334857729
592359028421832705
592359029160050688
592359032641298433
592359034600062976
592359035715784704
592359076690042880
592359231967268864
592359253106528256
592359357544824833
592359365979578370
592359375358074880
592359380777046017
592359401111040001
592359650047188992
592359653545156608
592359691251879936
592359731311710208
592359746788691968
592359750517436416
592359753180848130
592359759153475584
592359768062238721
592359837016592384
592359843652050944
592359873066569728
592359904519696385
592359907698978816
592359908776939520
592359911331221504
592359924505530368
592359934890610689
592359941450518530
592359968801624064
592359970550583296
592359971947327488
592361218553188352
592361227642216449
592361283820851200
592361327621869569
592361333435158528
592361338271240194
592361344441065472
592361352460533761
592361352519290881
592361377664094209
592361386514124800
592361387701063681
592361393325797376
592361395649323008
592361402867691521
592361494571974656
592361498413965312
592361516038377472
592361522925473793
592361556249169921
592361603959365632
592361679070986241
592361698356383744
592361726709891072
592361737686384640
592361740236500992
592361761384202241
592361768506142720
592361772025311232
592361773921148929
592361775632232448
592361775762251776
592361781965631489
592361790664613891
592361791650279424
592361792233431040
592361801020362752
592361805105602560
592361809719341056
592361822063210498
592361835027804160
592361844997640192
592361861611302912
592361872449351680
592361880942874624
592361884331823104
592361895203471360
592361909245976576
592361914748968960
592361927088603137
592361934369918976
592361934432800769
592361934537654273
592361934730592256
592361936118947841
592361945644208129
592361948726988800
592361965571346432
592361967098007552
592361968469573632
592361969903996928
592361971804033025
592361993769586688
592361996131045377
592362009959600128
592362016808927232
592362022345412609
592362032088788992
592362035041689602
592362043321102337
592362048861810688
592362050715693056
592362050661142528
592362052229861377
592362088644751360
592362093690523648
592362119972167680
592362159822147584
592362174997073920
592362180772638721
592362255951466496
592362257318719488
592362264109260800
592362266168659968
592362359160705024
592362370069999616
592362387694432256
592362407076335616
592363304544174080
592363341697323009
592363346571079680
592363351696609280
592363425503674368
592363464951074817
592363507665932289
592363513240137728
592363535340072961
592363537323798529
592363541656547329
592363568160354304
592363599462465536
592363609251917824
592363624544403456
592363682157367296
592363696770437120
592363711127490560
592363737614528513
592363738633793537
592363755226341376
592363779003813888
592363789879615488
592363815460687872
592363880896008193
592363891314667520
592363930011377665
592363960373907457
592363987175518208
592364001377390592
592364017051570176
592364028241977344
592364050203344896
592364991044419584
592364998757715970
592365046660931584
592365071734439938
592365122720399360
592365159554887680
592365211459268609
592365246125350912
592365386043129856
592365401540952065
592365442905178112
592365504465100800
592365536924708865
592365605061169152
592365652578439168
592365697298083840
592365763580661760
592366792015622144
592366798453886976
592366814245605377
592366839369486336
592366845400743936
592366896055451650
592366911658143744
592366920793333761
592367043329986560
592367049273380864
592367158144933888
592367192538124288
592367292022796288
592367350285897729
592367359853133824
592367441239379968
592367549242810369
592367659372683264
592367665429217281
592367694848090115
592367839157194752
592367993365004290
592368002974134274
592368049455411200
592368051439284224
592368128492843009
592368139737915392
592369323898851328
592369344937467904
592369349215719425
592369435907874816
592369476017881088
592369480954716160
592369513070522368
592369514869817344
592369558335279104
592369651469824000
592369666980446210
592369680142225408
592369764661493760
592369775822540801
592369780293668864
592369786077589504
592369791437901824
592369794155810816
592369794696876033
592369871868063744
592370047240114176
592370138101391360
592370140794105856
592370146817146880
592370302132178945
592370324135550976
592370368301563904
592370386580348928
592370657305829377
592370767213555712
592370940895318016
592370952538820608
592371054162489344
592371086320250880
592371088484474881
592371146382643200
592371200149467137
592371215945355265
592371243766145027
592371279845584897
592371332068741120
592371366348730369
592371389841047552
592372314433560576
592372335396659200
592372366207950848
592372476325273603
592372477470244864
592372558650978304
592372692256301056
592372723369644033
592372731078791169
592372862071083008
592372891720753154
592372905129836545
592372935605661696
592372962868666368
592372964248539136
592372966052106240
592373000495759360
592373036822634497
592373110986379265
592373135267102720
592373156922331137
592373163649937408
592373192213266432
592373242284920832
592373341014478848
592373349302468608
592373361247789057
592373369456046081
592373378666758144
592373385331544064
592373423730520065
592373472711614464
592373484354805760
592373638000549888
592373702924247041
592373720372514816
592373746775805952
592373772285521921
592373782423203840
592373789230530560
592373867445952512
592373884852146177
592373942670610432
592373987692412928
592374007225266177
592374113794011136
592374252566806528
592374255628619777
592374286364475392
592374432766816258
592374504724246530
592374550416883714
592374600245387264
592374692016566273
592374812565229568
592374851093942274
592375038684307456
592375132913405952
592375190404890624
592375221719412739
592375225649508352
592375440020348928
592375446622195712
592375546287271937
592375685676687362
592375708942401536
592375713543651328
592375847992037376
592375961435435009
592376035431346178
592376181661437952
592376288628834304
592376308518113280
592376425925124096
592376463443136512
592376508519428096
592376530103242753
592376594251063296
592376618422697986
592376796487622656
592376806767865856
592376817312505857
592376817941512192
592376971159408640
592377027677724672
592377053346963458
592377060515012608
592377064973471746
592377081146675201
592377165469061120
592377214609412097
592377232280027136
592377247295606784
592377323422404609
592377402258423808
592377474371096576
592377571473428480
592377610677690371
592377630235693057
592377762863837185
592377791947141120
592377829985095680
592377855914291201
592377986319454209
592378021241294848
592378032020676608
592378086236286977
592378135196213248
592378163105140736
592378177252524032
592378216318369792
592378273201553408
592378485412339713
592378526961111042
592378548826054656
592378595886104577
592378665536651265
592378706900983808
592378741516447744
592378807119519744
592378806855462912
592378867387469826
592378908432961536
592379067984252929
592379082500747264
592379149471199232
592379233680392192
592379285911965696
592379347870220288
592379371203112960
592379385497321472
592379635360370689
592379693782929409
592379749227319296
592379853225140224
592379882581073920
592380235649196032
592380508933197824
592380524162867200
592380551476023296
592380638919008256
592380643889131520
592380894486355968
592380915898257408
592380925708791808
592380952762064896
592381060282982400
592381118520823808
592381132714299392
592381208086065152
592381245142671360
592381343788466176
592381365066280961
592381384360005632
592381429281095680
592381442535071744
592381471651946496
592381550823493632
592381605001482240
592381691165069312
592381697980801024
592381699855654912
592381711175929857
592381723838717952
592381775269105664
592381780537118720
592381864884588544
592381945167945729
592382034925858816
592382164508889088
592382357090476032
592382375449010176
592382459347505152
592382604050989057
592382658648244224
592382768740306945
592382790366306305
592382929940131841
592382970096259072
592382990564630529
592383069396574209
592383288330866689
592383344563720192
592383346560278528
592383435039240193
592383504777760768
592383580409466880
592383711250915328
592383739553914884
592383769144791040
592383776136761344
592383791722725377
592383816238571520
592383838094954496
592383864036691969
592384032832294915
592384106953969664
592384135152283650
592384182203977728
592384295102066688
592384366405361666
592384491433250818
592384552472973313
592384554486210561
592384611780534274
592384713169469440
592384740038029312
592384777463922688
592385843798511616
592387124223025152
592387605775290368
592387869899108353
592387878149234688
592388146270175234
592388204579332096
592388255049363456
592389683616747520
592389710879846401
592389719394156545
592389723894583296
592389786758873088
592389927339433985
592389933907619840
592390008063000576
592390021287530496
592390023326081024
592390026681524226
592390180805292032
592390484988801024
592390488818360321
592390490449956864
592390707379359745
592391089388187649
592391233940525056
592391328178130944
592391329482682368
592391483040272384
592391488232886272
592391550585282560
592391880907694080
592391883973730304
592392002202894336
592392082251091969
592392329585004545
592392508665114625
592392597898854401
592392606874664961
592392761543761920
592393122316816384
592393287404638208
592393341645520897
592393534126333953
592393800565272576
592393824397234176
592394011672883200
592394163900977152
592394182427217920
592394592110022656
592395313379348482
592395397085073409
592395448545054721
592395769132425218
592395998091182080
592396122515066880
592396243265069057
592396456130031618
592396498408734722
592396599193571330
592396604906283008
592396702751010817
592397449152434176
592397450918371329
592397522263547904
592397752811790337
592397866703937536
592398037483270145
592398539046563840
592398628989194240
592398757855125504
592398875794669568
592399039615934464
592399213620645888
592399260580126720
592399381824937984
592399529472692224
592399752530042880
592399834566533121
592399950098538496
592399958977961984
592400374817927168
592400493332140032
592400506800058368
592400559124127745
592400696915267584
592400730490851330
592400738296459265
592400765651709953
592400905246498817
592400968089804801
592401435972669440
592401466964447232
592401627857825793
592401723408285696
592401755427700736
592402200753668096
592402276473507841
592402401006473216
592402633727602690
592402698198200320
592402782742835201
592402787805212673
592402872534458368
592402976779665408
592403120459616256
592403141359837186
592403328778293248
592403353784754177
592403472688906240
592403886889160704
592403893973327872
592403900654694400
592403938823020544
592403979138662400
592404400229875712
592404571227586561
592404695957639169
592404716098826241
592404886383435778
592406076387106816
592406333409734658
592406484014628864
592406511386755072
592406604986716160
592406694799536129
592406838869495808
592406930791997441
592406951096516609
592407018570317824
592589172369588225
592589274949681152
592589382978129920
592589457225809920
592589512078831616
592589539924807680
592589555812864003
592589956234653696
592590004943126528
592590353158410241
592590496393891841
592590512948781056
