592590871519961088
592590890842992640
592590963723227136
592591165754445824
592591433942478848
592591439923556352
592591489588396032
592591606798102528
592591643842220032
592591792605802496
592591898923040768
592592227467145216
592592413979385856
592592487723573248
592592490823176192
592592504702115840
592592646247305216
592592669404102656
592592703315156992
592592746252144640
592592763222237184
592592798009790464
592592798194348032
592592831945969664
592592841269846016
592592852837736448
592592881489051648
592592890737524736
592592972631310336
592593009683791872
592593043460464640
592593143066800128
592593208913178624
592593259337273344
592593268409380864
592593402413252608
592593488924921857
592593582143352832
592593731922096129
592594086940516352
592594177927569409
592594184533585921
592594240909246465
592594444190375936
592594659269967873
592594681176928256
592594771463577600
592594850416988160
592594878317531136
592595122526638080
592595193230172161
592595305738174464
592595342429974528
592595343969255424
592595435195375616
592595472101056512
592595577235312642
592595914386186241
592596003062030336
592596022502805504
592596171371225088
592596321921556480
592596395024056320
592596410475810816
592596431996907520
592596542076268546
592596636972482560
592596644438224896
592596660846395392
592596735521849346
592596781151563776
592596798243360769
592596872453230592
592596894905278464
592596993194659840
592597140175769600
592597141316591616
592597142461685760
592597423085715456
592597744667140096
592597855459614720
592597973554495489
592598003476631554
592598338119294976
592598379386908672
592598648082530304
592598790399397888
592598796867010561
592598880467955712
592599392281956353
592599404940525568
592599465074253824
592599505306001408
592599555952214016
592599649258708993
592599705487482880
592599763532517376
592599851839422464
592599881115566081
592599903878119424
592599927961845760
592600002272309248
592600038993330176
592600106555330560
592600107440349184
592600155519614976
592600236859772928
592600517064273921
592600762418475008
592600844572315649
592600917192617986
592601200551309312
592601258378326016
592601261633069056
592601309712265216
592601493863301120
592602099621343232
592602105535287296
592602549242454016
592602731472297984
592602762535309312
592602915115634688
592603194632445952
592603335263449089
592603760171454464
592603775363256320
592603848071602177
592603859802947584
592604046638256128
592604073846644737
592604205715628033
592604319561555968
592604960082112513
592604962284146688
592604963617931264
592605349770760192
592605422164447232
592605454695444480
592605740126367744
592605744131919872
592605744974954497
592606073653047296
592606373365424128
592606507650416640
592607130013683712
592607519358324736
592607584080695296
592608243202985984
592608464532148224
592608573638717440
592608609269321728
592608719055163392
592608740861415424
592608777226027008
592608797652160512
592608842753581056
592608858650124288
592608931958149120
592609013952458752
592609252365225984
592609255846334464
592609352994820096
592609459714785283
592609512445509633
592609545261842432
592609592565075968
592609594687426560
592609650635190272
592609723574198272
592609763696992256
592609929103572993
592610053942710273
592610095520940033
592610192153415680
592610246582898688
592610318901256193
592610456444928002
592610482961272832
592610548258181120
592610566495076352
592610567988219905
592610848188805120
592610915884892160
592611360606937088
592611417322229760
592611417339006976
592611504530141184
592611727281246208
592611738450702336
592611934169595904
592612102348537856
592612283622232064
592612463654371328
592612470813958144
592612585012232192
592612901023809536
592612941268131840
592612985786355712
592613093915684864
592613195698733056
592613231203614721
592613288891973632
592613431603273728
592613485999034369
592613728811646976
592613740467458048
592613837142130689
592614023125925888
592614027869589504
592614046152589312
592614186238095360
592614217569726465
592614238717288448
592614272347209729
592614397392134144
592614903783026689
592614992278462464
592614992286912512
592615249401892864
592615295451172864
592615295694475264
592615357296214016
592615358768381952
592615421964058624
592615445859069953
592615521184456704
592615676344303616
592615682761740289
592615980473458688
592616335097618434
592616425719627777
592616594087358464
592616613666500608
592616776774488065
592616880432611328
592616892151410688
592617005183795200
592617137866350592
592617170732888064
592617530159669248
592618109812375553
592618469843079168
592618608229908481
592618610822021120
592618961411416064
592619291696037888
592619689924243456
592620049266909184
592620050831421440
592620050864963586
592620052433633280
592620052710457344
592620052567883776
592620054174375938
592620083450486784
592620954162827264
592621063873396736
592621201261998080
592621290114195456
592621442883317760
592621448700788736
592621509170061312
592621737277136896
592621740695629824
592621748912136193
592621997282177024
592622145521455104
592622183341371392
592622212714233856
592622278501773312
592622292816896000
592622339424186369
592622401650692096
592622440305565697
592622553778163712
592622652818206721
592622818048610304
592623013545136128
592623068889030656
592623101822803968
592623208970452992
592623659656720384
592623750492889090
592623939366612992
592623978138710016
592624102214512640
592624447217082368
592624541186162688
592624552967933952
592624651462926336
592624752012955649
592625180582748160
592625232172580865
592625276854534144
592625364779868160
592625373008891904
592625686948392960
592625772206157824
592625800668581888
592625926292144128
592625934110449665
592626019237961729
592626097730162689
592626173546405888
592626186049597440
592626602573320192
592626630843064320
592626673960361984
592626695389089793
592626799734960129
592627022725189633
592627108280696833
592627109798903808
592627169110695936
592627874055790594
592627891466145792
592628010022481920
592629140202782720
592629395338104832
592629398085435392
592629402514501632
592629418473820160
592629456516186112
592629520047460353
592629575907221506
592629721889951745
592629821043118080
592630001293533184
592630079664082944
592630318839910400
592630642560622592
592630693055758336
592630807677677568
592630913135030272
592631110577721344
592631144618676224
592631414945751040
592631493039628289
592631610790445057
592631628729552896
592631986771988480
592632357313581056
592632605796872192
592632620330135552
592632664819007489
592632666689839104
592632810533425152
592632818863222784
592632843735404544
592632848990998528
592632849649405953
592632852581359616
592632910756319232
592632935812964352
592632984563486720
592632994592075776
592633002087309312
592633002041053184
592633014196301824
592633088955547648
592633105766309888
592633107771162624
592633117803941889
592633141191438336
592633190222843905
592633205561372672
592633257595949056
592633339745472512
592633356082290688
592633366970793985
592633458108825601
592633469366181888
592633482968506369
592633483572412416
592633484230791168
592633485744943104
592633487481417728
592633489146703872
592633496549629952
592633498822840321
592633500227907584
592633501494697984
592633501536489472
592633502958366721
592633504183226369
592633504480952321
592633505860845568
592633507383418880
592633509153386496
592633510470418432
592633512659800064
592633513439965184
592633514991857664
592633515654705152
592633516925423616
592633520758988800
592633521132310529
592633522181042176
592633522826784770
592633524907212800
592633528505896961
592633528711393281
592633529915211776
592633530804383745
592633531865563137
592633533572751360
592633533908144129
592633534159826944
592633534386343936
592633534495330304
592633534466002944
592633534633803777
592633534642298880
592633534474366977
592633534898012160
592633534889603072
592633535044825088
592633535757946880
592633536248717312
592633537083224065
592633538324791296
592633541088927744
592633542787497984
592633542661681153
592633543714541568
592633544586858497
592633547136978946
592633549607407616
592633551843041281
592633551973130241
592633553650757632
592633554561011712
592633554997248002
592633555391381505
592633565092945920
592633566183456768
592633568490233856
592633569282920448
592633584223158274
592633586014146560
592633596130754560
592633617194553344
592633622290509825
592633629458767872
592633634156388352
592633661683437568
592633673402470401
592633678355951616
592633678951555072
592633781732909056
592633806269460480
592633814372880385
592633820836302848
592633820987326465
592633828025311232
592633836984401920
592633840121749504
592633843305218048
592633850708135936
592633854617198592
592633855045029888
592633855271538689
592633855279923201
592633855409922050
592633855384793088
592633856424972288
592633856378867713
592633856269766656
592633857146421248
592633857276448768
592633857238650883
592633857934950400
592633858207551488
592633858266255360
592633858585075713
592633858681503744
592633859440713728
592633868001226753
592633884635889664
592633916235722753
592633925110870017
592633933352734720
592633949437833216
592633957985824770
592633959017619456
592633967808884736
592633973408337921
592634004706168833
592634013157732352
592634020854280195
592634023450673152
592634026785054720
592634028680876032
592634030190792704
592634035446284288
592634042371035136
592634049522323456
592634056568766464
592634063921356801
592634072221913089
592634074923028480
592634083026415616
592634085694013440
592634090051936256
592634092560060416
592634100801908737
592634101347143683
592634101338808320
592634101489741825
592634101678542848
592634102206967808
592634103419146241
592634106661326848
592634114819260416
592634114924089344
592634124977852416
592634125288275968
592634125548294145
592634134662516736
592634143978049536
592634152647725056
592634164983123968
592634173011034112
592634182590812160
592634188060307456
592634194322280449
592634197107290112
592634196939517952
592634197342195712
592634199707766784
592634200013996033
592634200370479104
592634200525647872
592634201167376384
592634201305845762
592634201775607808
592634202039787520
592634202081759232
592634204422176768
592634204724154369
592634204929658880
592634204975857664
592634205118472192
592634204942270464
592634205164601344
592634205198123009
592634205256855552
592634205676314624
592634205588234241
592634205844058113
592634205995044864
592634208033443840
592634216929579008
592634225238478849
592634225230151680
592634227209830400
592634228967215105
592634229537710080
592634229495758848
592634229869051904
592634229919363072
592634229810302976
592634230078775297
592634230569472001
592634230691078144
592634230816911360
592634231232167937
592634231412555777
592634231546728448
592634231957762049
592634232163340288
592634232154927104
592634232565944321
592634233065058304
592634233278963712
592634233459384322
592634233664835585
592634234138853376
592634234042327043
592634234306580480
592634234612817920
592634234864422912
592634235485196288
592634235761991680
592634236458270720
592634237234221056
592634237917868032
592634238760923136
592634238819696640
592634239251775488
592634239482404865
592634239952113666
592634239901765632
592634240048594945
592634240455446528
592634240967122945
592634241424297984
592634241407524864
592634241571160064
592634242179338241
592634242753961984
592634242787475458
592634243269861376
592634244037484544
592634244087750656
592634244238745600
592634244200931328
592634244532338689
592634245224402944
592634247090868224
592634247229280256
592634247657066496
592634248026173441
592634248407879680
592634249049542656
592634249477427200
592634249779421184
592634249762635776
592634250194649089
592634250278514688
592634250572103680
592634250702098432
592634250702127105
592634251276787712
592634251671011328
592634252535070720
592634252702781440
592634253013221376
592634252967055361
592634253063557120
592634253759754240
592634254477041664
592634254598647808
592634255320092673
592634255336873984
592634255311699969
592634255643004928
592634255546548224
592634255592722432
592634255894716417
592634255722684416
592634255953371136
592634256020484096
592634255974342656
592634256368664576
592634256398028801
592634256804827136
592634256976842753
592634256960000000
592634257035563008
592634257060667392
592634257299779584
592634257098452992
592634257031307264
592634257417183233
592634258067300352
592634257975087104
592634258428014594
592634258507702274
592634258444800001
592634258818105344
592634259128520704
592634259476582400
592634259375988736
592634260156092416
592634260256755712
592634260407726082
592634260600664064
592634260890066944
592634261011738627
592634261347274752
592634261989011456
592634261859016705
592634261934514177
592634262173548544
592634262215532544
592634262391627776
592634262328770560
592634262328725504
592634262676877312
592634263545098240
592634263431876609
592634263381549057
592634263704481793
592634263796715520
592634264002269184
592634264136454144
592634264602038272
592634264924983296
592634265210236928
592634265600327680
592634265583517696
592634265935818752
592634265961046017
592634266141335553
592634266216833024
592634266258788352
592634266611134464
592634266833457152
592634267181527040
592634267110244352
592634267412234240
592634267575791616
592634267600949248
592634267936559104
592634268335013888
592634268653789185
592634268389482497
592634268569833472
592634268720836608
592634268943159296
592634269370949632
592634269278679040
592634269547139073
592634270327246849
592634270344085504
592634276127977473
592634276941725696
592634348085628928
592634377252798464
592634420311494656
592634543275814912
592634546094346241
592634549181386752
592634551886819332
592634552595656704
592634552587137024
592634555112161280
592634558157172736
592634563362357248
592634563630759937
592634565874712578
592634568886202368
592634569922195458
592634570433957888
592634571205672961
592634575676801024
592634578763788289
592634582358368258
592634585743101952
592634588247109632
592634591380307968
592634594706395136
592634597428502531
592634601362706432
592634603896082432
592634608006508544
592634612548907008
592634615304617985
592634619482087425
592634622917222400
592634626306248705
592634628600500224
592634631393939457
592634636016091136
592634640759795713
592634645792956417
592634648854802432
592634650108891137
592634654944985088
592634658803748865
592634660154277888
592634662616305664
592634666294771712
592634671101444098
592634674062561280
592634677699055616
592634680735698944
592634683814383616
592634686704193536
592634687186571264
592634690655297536
592634808963969024
592634814559178752
592634870951714816
592634872151339008
592634872428105728
592634873640308738
592634877528428544
592634878639865856
592634881965838336
592634886831374336
592634891780620288
592634900148264961
592634907739971584
592634907807068161
592634910948622336
592634913658150913
592634923175018496
592634925364412416
592634931085484032
592634933488783360
592634937288871936
592634937498595328
592634941374078976
592634942095523840
592634945941741568
592634948261179392
592634948999356416
592634949645246465
592634957585080321
592634963419213825
592634963549368320
592634972697157632
592634979907153920
592634983644266496
592634987658219520
592634991391170560
592634993832230912
592634996072022016
592635006679392256
592635010307510272
592635023762857984
592635027311165441
592635039835418624
592635040007364609
592635045191524352
592635059158556672
592635080712945664
592635084118831104
592635084487917568
592635088728367104
592635088837419008
592635090578051072
592635099881054208
592635103207108609
592635103311962113
592635106474459136
592635108567457794
592635108957560832
592635110748487680
592635113214767105
592635113327951872
592635113906806784
592635120768671745
592635125566955520
592635126951055360
592635136191111168
592635137411649537
592635140867792896
592635148560179200
592635150359535616
592635150829297664
592635154453127168
592635159138148352
592635163600879616
592635165756813312
592635174506070016
592635174594191360
592635174569046016
592635174640361472
592635178075475968
592635181833572352
592635183175749632
592635189513363456
592635193971736576
592635195519541248
592635204671578112
592635215341715456
592635277908307969
592635282408738816
592635293594849280
592635296765911040
592635307448762368
592635308606369792
592635309147447296
592635311466946560
592635312712581120
592635313748582401
592635319717093376
592635320333631488
592635326016954369
592635326461382656
592635329825394689
592635345948299264
592635357046448128
592635360330539008
592635366139637760
592635367188234240
592635387664855040
592635389233537024
592635389631983616
592635394027585536
592635395331985408
592635399312388096
592635401208205312
592635402806255616
592635402856636416
592635405096333312
592635422611787776
592635426915123201
592635426801844224
592635427166810112
592635427254841344
592635432791363584
592635434796191744
592635437124038656
592635439468683264
592635451456024577
592635454408777728
592635457491578880
592635467461435392
592635474323312640
592635474851864576
592635476353363968
592635477343240192
592635478303711232
592635478790254592
592635478735790080
592635479994048513
592635516593508352
592635516991995904
592635521043722241
592635522570412032
592635529272938496
592635542606630912
592635550529658881
592635556342931456
592635556972130305
592635565297770496
592635568456073216
592635570272247808
592635571585056770
592635575674482691
592635575900868610
592635577926844416
592635580154011648
592635585187192832
592635606733324288
592635607802892288
592635608247508992
592635616485072897
592635622474387456
592635623258902528
592635639096549377
592635641952862208
592635659690647552
592635663708606464
592635664241401856
592635668754407425
592635687398207488
592635699590995968
592635738027630593
592635756243505152
592635836107255810
592635900343013377
592635902414954497
592635902465302529
592635903010570240
592635906244354049
592635907917877249
592635908052131840
592635910321262592
592635912162562048
592635926527873024
592635930906865664
592635930999189504
592635931162710016
592635931376623616
592635940256010240
592635952402694146
592635960376086528
592635961902768128
592635968575897601
592635993473318912
592635997323718656
592636003195707392
592636007096410113
592636012221886465
592636012569858048
592636021143113728
592636021344448513
592636025970794496
592636031494692865
592636032123797504
592636037408661504
592636038885089280
592636045621092354
592636047550459906
592636061357969408
592636066584252416
592636068975013890
592636080844865537
592636080815525888
592636088298119168
592636091229954049
592636101954707456
592636103179526144
592636108208513024
592636108493758464
592636120313122816
592636132615159809
592636137195249666
592636145562832896
592636147316170752
592636185203212288
592636198079705088
592636201343033345
592636202194489344
592636210482442241
592636211241590784
592636220037009409
592636221454741504
592636224810004480
592636227234304000
592636261917204480
592636266270822401
592636269609390080
592636300563460097
592636304543842304
592636311351250946
592636322373742594
592636332666531840
592636357748596738
592636361494106112
592636374311968768
592636582349385728
592636707633233920
592636727312814080
592636727992410112
592636844786847745
592636851963502592
592636935144919040
592636936097013760
592636993391177728
592637010210267136
592637020230541314
592637086823415808
592637091751690242
592637099959922689
592637185595027456
592637207258599425
592637216163106816
592637252280328192
592637260526448640
592637336795484163
592637421746925569
592637506547507200
592637511899348993
592637513736396800
592637626126979072
592637641201332224
592637780796186624
592637799444119553
592637806905692160
592637842515431425
592637847607214082
592637964812816384
592637990368841728
592638005422071808
592638195050786817
592638220078161921
592638289489723393
592638334326833157
592638460801916930
592638499787907072
592638645062017024
592638661407186944
592638751446274049
592638763865604096
592638810615349248
592638823449886720
592638961429905409
592639234785185792
592639334848794624
592639346471141376
592639364464648192
592639378507341824
592639467221049344
592639519716814852
592639563371155456
592639572795912192
592639576042119170
592639576042119170
592639700554403841
592639708133466112
592639710968750081
592639726387073024
592639731982311424
592639741918584832
592639759735857152
592639854149697536
592639890505932802
592639895262334977
592639897003028481
592639979802595328
592640001478762496
592640020042752000
592640023553421312
592640026720079872
592640028838338560
592640037449142273
592640054222266369
592640120278355968
592640128536838145
592640149151973376
592640169456619521
592640226767540224
592640306245476352
592640312281006080
592640379264094208
592640380694204417
592640385438097408
592640507546771456
592640518460342273
592640528350466049
592640534272835584
592640535082348544
592640535887646720
592640537540173824
592640540421664768
592640561607245824
592640640732631040
592640674572279808
592640807036792833
592640827349864449
592640855283863552
592640859264266241
592640891472470016
592640896861999105
592640911093424129
592640919733579776
592640928378007552
592640936082976768
592640975652134912
592641001354764289
592641051715854336
592641072808898560
592641097282772992
592641188504580096
592641289016905728
592641407342501888
592641417891225601
592641441052098560
592641479966789632
592641507682725889
592641529312911360
592641535461629952
592641549139320832
592641585906495488
592641587642961920
592641606752149504
592641607461011456
592641610447360000
592641613177851904
592641616122290177
592641616805933056
592641624556974080
592641631196614656
592641647424319488
592641712373112832
592641877536481280
592641899229384704
592642003239772160
592642184924504064
592642206621569024
592642260598161408
592642361324212226
592642382098640897
592642442450472960
592642506677833729
592642513359532032
592642519541780480
592642555428372480
592642581420445696
592642632423251968
592642642426494976
592642647090565121
592642706683232256
592642788119937024
592642801235550208
592642817530273792
592642835830157312
592642899717697537
592643031301513217
592643092030750720
592643135945179138
592643206648573952
592643250210516992
592643284436066304
592643305919410176
592643314488311808
592643396621115392
592643409636151296
592643470780674048
592643486794416128
592643653996163074
592643654717546497
592643661839540224
592643669854855168
592643677035601920
592643679929503745
592643680298631168
592643682483867650
592643687202443265
592643692017528832
592643696845193217
592643697486929920
592643706106220544
592643710539534336
592643715149082624
592643715241418752
592643715237183488
592643715107172352
592643715232976896
592643715417571328
592643715367211008
592643715329490945
592643715551735808
592643715354611712
592643715438497794
592643715786678273
592643715455287296
592643715761512449
592643715509792768
592643715815972864
592643715744731138
592643715774066688
592643715534950400
592643715853787136
592643715925037056
592643715794997248
592643715807612929
592643715845390337
592643722447228928
592643723407818753
592643881730191360
592644032473399296
592644106859347968
592644141965832192
592644203412197376
592644223498846208
592644225012932611
592644243014975489
592644276799942656
592644284941082624
592644359964626944
592644361441189888
592644475735801858
592644483830845441
592644554676830209
592644565691150336
592644609479553024
592644632204288000
592644648356687873
592644656929734656
592644840967442433
592644868448657408
592645020697632768
592645136267350018
592645137894748160
592645139924783105
592645142609137664
592645248565649408
592645352928378882
592645454757769216
592645470423486464
592645848699396096
592645952713818114
592646077624397825
592646250077560832
592646260886241282
592646284160282626
592646430973526016
592646471289274368
592646482517450752
592646626763624448
592646680090050560
592646817570951168
592646897199882242
592647041320386560
592647133259436032
592647469516726272
592647487602593792
592647561044889600
592647575649406976
592647595417333760
592647604585902082
592647607979126784
592647620239237120
592647646189395968
592647663536844800
592647668050046978
592647674748239872
592647682700619776
592647685817044992
592647716192157696
592647822735847424
592647874036375553
592647898052972544
592647903077740544
592648230934073345
592648333069529089
592648365214703616
592648390799818752
592648409800187905
592648413373669376
592648417471410177
592648420977868800
592648425092554752
592648424975044609
592648425784659968
592648468021288961
592648468797206528
592648482852179968
592648501328154624
592648510014681088
592648675081457664
592648811832430592
592648863086977024
592649185968676864
592649534339043329
592649758621106176
592649855153016832
592649880012722176
592649946211442688
592650089631363072
592650131972886528
592650132081913856
592650132434382848
592650132279021572
592650132283260928
592650132279037952
592650132023160833
592650134934188032
592650134816600064
592650134808203264
592650134820757505
592650134812368897
592650134904840192
592650135030657025
592650134778843136
592650134804041728
592650134804004864
592650135030599682
592650134803992576
592650135244513280
592650199945740288
592650236557959168
592650341553831936
592650386500104193
592651477077913601
592651536993488896
592651595084607488
592651615699542017
592651734683488257
592651753180557313
592651792514711553
592651794058055680
592651950660800512
592652039303331840
592652073591644160
592652154235662336
592652235898757121
592652239820427264
592652320015515648
592652793434939392
592652817812295680
592652939036098562
592652964264706048
592653061836972032
592653078630772736
592653175817011201
592653306763288576
592653308092755968
592653352141328384
592653470613827585
592653521159385088
592653563886604289
592653566348763136
592653566428471297
592653694631477248
592653751871234048
592654458364030976
592654477259223041
592654531667853312
592654684361461763
592654750430134272
592654814040956929
592654844340604928
592655166232469505
592655186390347777
592655232716374016
592655235459448832
592655340468051971
592655364237197314
592655449029226497
592655452003037185
592655453332570113
592655517924855808
592655517958410241
592655520416309248
592655521980796928
592655523872428035
592655525462040576
592655527764742144
592655529568239616
592655532047114240
592655755309907968
592655785273995265
592655890215530498
592655894665678849
592655902550949889
592655910306258944
592655919995031552
592655928098426880
592655946989580288
592655955734732801
592655963435495424
592655970775527425
592655978153279489
592655985585553408
592655993173102595
592655999179317248
592656001150676993
592656008213835778
592656050005880833
592656114065514496
592656155320680448
592656428843802625
592656497135460353
592656607017852931
592656648344317952
592656660151283714
592656672029581312
592656720637353985
592656850417483776
592656885515481088
592657340161236992
592657396033527808
592657445207592963
592657735491125248
592657800075022336
592657826599837698
592657878152011776
592657919935705089
592658059215958016
592658059677274112
592658060990148608
592658061157912577
592658199297286145
592658733446094850
592658792023793665
592658870784364544
592658972181692419
592659341951533056
592663692287827969
592663824962035712
592663992683855872
592664121751003136
592664313384558592
592664375187611649
592664396683436032
592664431957561344
592664513909915648
592664518775468034
592664531794567169
592664551293898752
592664666435891201
592664689697488896
592664702871830529
592664760308629506
592664818022227970
592665024868589568
592665245375672320
592665369136996352
592665483247222785
592665956264103936
592665961565691905
592666291619667968
592666483504840704
592666634336268289
592666655366451200
592666671539691520
592666760190492673
592666907121229826
592667138768379904
592667237145784320
592667318083297281
592667585830871042
592667722485473280
592667724028973056
592667829033402370
592667863544135680
592667863917420544
592668101004677120
592668336451932160
592668408484859904
592668546393645056
592668579411185664
592668604845465601
592668767928393730
592668821950959616
592669081137971203
592669230811770880
592669283185983490
592669287531335680
592669375410348032
592669504158703616
592669701169389569
592669779091189761
592670105827463168
592670224459128832
592670349378060288
592670452151099393
592670822587838464
592670826299793408
592671103153283072
592671148665626624
592671166130692097
592671361660772353
592671554447798273
592671606046064641
592671616271839232
592671748052627458
592671884036149249
592672151410446336
592672274093875202
592672606622461952
592672615988334592
592672703422832640
592672716982988800
592672844120743937
592672885686280193
592673211600478208
592673346363498496
592673413438771200
592673655085211650
592673664086179840
592673808760315905
592673822391828481
592673925856894977
592673927777890304
592673931997372418
592673937236058112
592673938142007296
592673943263272960
592673943229718529
592673949160448000
592673952721444866
592673953568694273
592673957737844736
592673960904503297
592674071508340739
592674116156653569
592674167461388290
592674308385861632
592674486316576770
592679714625613824
592679900785573892
592680103198466048
592680124069355521
592680312896942082
592680407499468800
592680408027951105
592680423819485185
592680434238169088
592680462889398273
592680492270559232
592680592036253696
592680613586558976
592680614056370176
592680638123212801
592680739952549890
592680767911829505
592680775243472896
592680827135361026
592680836660625408
592680893225050112
592680946161348608
592680975932461056
592681012427128834
592681103661629440
592681132879122432
592681137534857217
592681274332024832
592681299766321152
592681302798770176
592681333236834304
592681334939725824
592681337708027904
592681348608954369
592681356691386369
592681413444554752
592681423884177409
592681461653856261
592681570277920768
592681622941638657
592681701081542657
592681720660525057
592681740591878144
592682018640666625
592682024185528321
592682168188538881
592682181417373696
592682203307446272
592682209011748866
592682212346167297
592682233909092353
592682274577068033
592682440843534336
592682466378436608
592682525098647552
592682557709426690
592682634238648325
592682734927085568
592682766073995265
592682769513377793
592682776639492102
592682815369703424
592682889478811650
592683056760238084
592683069716471808
592683092739026944
592683095977009154
592683202868838401
592683215162335234
592683253519273987
592683342945976320
592683347631026180
592683369521127425
592683390903689216
592683430737014784
592683433979191298
592683554259238912
592683636354351109
592683719921635329
592683804290080773
592683971412107264
592683985907654657
592684199037050881
592684203394899968
592684227730210818
592684255848833027
592684336115261440
592684341500706816
592684378855231490
592684410757079044
592684452289060864
592684518357753857
592684548053401601
592684665456197632
592684732829302785
592684789196525568
592684789196525568
592684789196525568
592684834541142017
592684975079690240
592685066192576512
592685071867449347
592685140884725763
592685308719800320
592685431159922689
592685877635239939
592685884023173121
592686080656302082
592686141461155841
592686180413607937
592686280229650432
592686515710484480
592686562833526784
592686568508391425
592686623432794112
592686634501545984
592686678139117568
592686711789985793
592686842274816000
592686906065997824
592687014560047104
592687051893510144
592687669257338882
592687703667376131
592687842087796736
592687930495361025
592687944571473920
592688047084466177
592688094534574081
592688218472128512
592688312588115969
592688352102633476
592688374009503744
592688393865154560
592688406389456897
592688518289317889
592688519094673409
592688604520013825
592688674334253056
592688680407556096
592688682185977856
592688708047998976
592688743422758914
592688928488091648
592688946812948482
592688954522083328
592689182541271042
592689238585511936
592689355170422785
592689368755740672
592689619684188160
592689743416193026
592689759933300736
592689979186409473
592690108559667200
592690266030612480
592690316920147968
592690356581474304
592691407871160320
592691516046495746
592691611261345792
592691614767800321
592691615917023234
592691617011752965
592691618790166529
592691620220403712
592691729842761730
592691974106415106
592692186854096898
592692190855307264
592692241229053954
592692254084571137
592692255024140289
592692391263477763
592692431235248130
592692447307784192
592692523270852611
592692604149567488
592692677239529472
592692773670780930
592692817241116672
592692817387982849
592692817954209792
592692842365059075
592692853186404353
592692983356661763
592693045298069505
592693132988424192
592693173216026625
592693220036980736
592693298826977281
592693536534966273
592693541610070016
592693584668811264
592693591513890816
592693645649797120
592693653795184640
592693737018499072
592693745948176384
592693836054470660
592693909194743808
592693948906340353
592693996499181570
592694007177879552
592694213176885248
592694284295524352
592694422250205184
592694476604321794
592694540408086529
592694687372353537
592694733442588672
592694927542325249
592694927416496128
592694927538180097
592694927278104576
592694927424880640
592694927701716992
592694928779653120
592694928804814851
592694928863531011
592695075068616705
592695213887479808
592695352203051011
592695496176705536
592695653874147332
592695825261850624
592695854894559234
592695989049384960
592696041956343808
592696389034979330
592696454529036289
592696511093440515
592696599010267137
592696692031488002
592696726118621184
592696757991124993
592696871262486529
592696928695091202
592697064104005632
592697219360362498
592700140147867649
592700401612431360
592700485607550976
592700556503814144
592700557887954944
592700591601786880
592700759994703873
592700784858558464
592700876386660356
592700972402606080
592701154817114112
592701472153952256
592701472128823296
592701472682418177
592701472724357120
592701473273868289
592701473273860098
592701473257091074
592701473840099331
592701473923936256
592701473835847682
592701481515626496
592701546917400577
592701605629267969
592701637740863490
592701658305540096
592701726316220418
592701748927664131
592701998799138816
592702050800107521
592702098288017409
592702103136636928
592702151622787073
592702160183402498
592702176960618497
592702205335097344
592702320724615169
592702366371213313
592702905347608576
592702915225214978
592702940013531138
592702981545566208
592703086055051267
592703170117279747
592703178560372736
592703265445441537
592703306939654144
592703331908374528
592703342993866752
592703903797485568
592704012237025280
592704077626224642
592704119908892672
592704142361141249
592704196492849152
592704315384537089
592704382472482818
592704409110446080
592704461107236864
592704499623600130
592704564106797057
592704670583369729
592704773306118146
592704897469972480
592704930500222976
592704955930247169
592705025954152449
592705186671501314
592705287116759040
592705416787849216
592705587315617793
592705648955121665
592705653161992192
592705682207580160
592705744778199040
592705919638704130
592706271792476160
592706414063263745
592706552441806848
592706649971908608
592706672155598848
592706691545866242
592706866385399808
592706880826384384
592706949361303552
592707150578896897
592707174276714496
592707311652724739
592707334595604484
592707582885765121
592707596773122048
592707660832714752
592707663525519360
592707817573847045
592707830895005697
592707881696395264
592708012273508352
592708294961168384
592708370290888705
592708471092604928
592708487819468800
592708492051554304
592708514293874688
592708565330190337
592708581595684865
592708611652112385
592708755168632834
592708894302072832
592708919019053057
592709067476447234
592709434096386049
592709454786859008
592709589168164864
592709606218031105
592709687818194946
592709708936552449
592709927854067713
592709930374791169
592709975165775872
592709991984996353
592719683780005888
592719736644984832
592719819339882496
592719830047989763
592719948415369219
592719952605368320
592719959073157120
592719992229122049
592720014182109184
592720229941272576
592720474146217985
592720481465274369
592720497365917698
592720546464452611
592720611153154049
592720644988624896
592720647110971392
592720703155208192
592720710604296192
592720711367659520
592720720351928320
592720831702249472
592720845614751744
592720854565462016
592720905249390592
592731176395243521
592731176336490496
592731178291089409
592731232598937600
592731301746233345
592731476803870721
592732031601217538
592732033631264769
592732033727787010
592732052081999872
592732096994611200
592732129915699203
592732222408515585
592732289508990977
592732774458662912
592732868385832960
592732908860928001
592732945955344384
592732956873089027
592733187350093824
592733276852334594
592733437422870528
592733532293857280
592733682894577667
592733818139860993
592733975514316802
592734147510140929
592734185372131328
592734255337312256
592734294621171713
592734344575381504
592734389949325312
592734411851980800
592734444257210370
592734503031930882
592734569041928192
592734661341814785
592734914065367042
592734981149085698
592735041337356289
592735168638623744
592735347240501249
592735372439859201
592735686157033473
592735686291300352
592735776846155776
592735902193098753
592735914478215169
592736097840562176
592736137824903168
592736355416956928
592736393983598592
592736563978739712
592736628243824643
592736653325795328
592736748934995968
592736830577061888
592737066364047360
592737201177370624
592737329200144384
592737393628839936
592737430698106882
592737442773479424
592737451124330496
592737702270873600
592737730725044226
592737773808934914
592737785255227394
592737787809558531
592737819296137217
592737833003130881
592737883129282564
592738059931820034
592738069515792384
592738107092533249
592738380078800896
592738440187408384
592738779498225666
592738825434243072
592739213814136833
592739526218506240
592739609576120321
592739845497323520
592739891764666368
592740200847138818
592740255142404097
592740780810358786
592740806261350400
592740939820597248
592740948909645824
592740952852328450
592740966542487554
592741002126991360
592741065393856512
592741167386755073
592741226748760064
592741304221700097
592741443883638786
592741527446810627
592741588813635584
592741678232010752
592741791159443456
592741794129059841
592742035230167042
592742094218915841
592742134270296065
592742796970348545
592742799486918656
592742908505260037
592743312953647104
592743500350955520
592743501177184256
592743538577809408
592743692617838593
592743704126971904
592743807449493506
592744094180495362
592744116347351042
592744229098672129
592744461354020866
592744659920781313
592744823213432832
592745154651529216
592745425100242944
592745594684370946
592745744697790465
592745994820943872
592746037057441792
592746073602555904
592746200299876352
592746475995684864
592746557809807362
592746625187053568
592746679436193793
592746726999629825
592746846046572544
592746955782119426
592746959624081409
592747287601946624
592747328857047040
592747388722388992
592747555345309696
592747561406099458
592748301210013696
592748324068978688
592748563920224257
592748705406701569
592748820464820224
592748947787149313
592749111314624513
592749173990121472
592749181883817984
592749299676610560
592749336842350592
592749351472078849
592749368731684864
592749916700745728
592749936627843072
592749991745232896
592750104269971457
592750189481500674
592750204065075200
592750309556035586
592750679728455681
592750942946197504
592751023040634882
592751189214760960
592751257187721217
592751838253953026
592751877789523970
592751976758272000
592752088830091267
592752097571041280
592752127619006466
592752466795565056
592752997836464129
592753155928121344
592753666026778626
592753705348390912
592753759190646784
592753866023825408
592753896122163202
592753920365166592
592753964988399616
592754114406285313
592754566707412992
592754591361470464
592754999014330370
592755044459634689
592755170028683265
592755304976252928
592755715107880961
592755725790814208
592756121066143745
592756831430250496
592756836773793793
592756876510629890
592757075345805312
592757346436325377
592757367923744771
592757370968739841
592757391323705344
592757612090896385
592757786838224897
592757792987025408
592757950734794752
592757972822007808
592757985568563200
592758029239595008
592758042850107392
592758868100435968
592759125630648320
592759311681589249
592759622949306368
592759645699186689
592760014886023170
592760380981714946
592760658606870530
592762013140525057
592762119147388928
592762358986088450
592762401021386752
592762479236796416
592762567061348355
592762652713070592
592762704445763584
592762733671624705
592762760959795201
592762770648621056
592763043429384193
592763052023492608
592763089147318272
592763095837233153
592763112656363520
592763123460927489
592763123385380864
592763372069920768
592763403019669504
592763403309084672
592763413929025538
592763425970900992
592763682721046529
592763894927642624
592763991442726912
592764027484385280
592764037882093568
592764260553457666
592764537746624513
592764691551748097
592764698422050816
592764704533180416
592764929909891073
592764934083190784
592765011086409728
592765020573999105
592765071631196160
592765122269028352
592765266402082816
592765387164545025
592765644686401537
592765751532064769
592765772973416448
592765872424517632
592765873783513089
592765974484537346
592766300193214464
592766472079966208
592766730864300033
592766777538519040
592766811399139329
592766865891524608
592766978605129729
592767085543071745
592767136352854016
592767216795410432
592767379404369920
592767449277329408
592767468118089728
592767531670228992
592767746829594624
592767749816000512
592767760779862019
592767766207307777
592767767817912322
592767797438062593
592767805977710592
592767820599005186
592767823212105728
592767823761580032
592767901930774529
592767914727579649
592767989524594690
592768363002208257
592768387585015808
592768644674920448
592769248293945345
592769404141711360
592769484550762497
592769689635422208
592769772502257666
592769922444460032
592770382085693440
592770447013486593
592770471881527299
592770547781672960
592770621349765124
592770750706262017
592770842494382080
592771080240177154
592771080747687938
592771247966158849
592771502497497089
592772571340349441
592772811539775489
592773133007990787
592773257230692355
592773310649409536
592773713394835457
592773720642576385
592773861827018752
592773868630192128
592773947638288384
592773966080700420
592774030559698944
592774075954638848
592774495158595584
592774595905769473
592774719855841284
592774841759064064
592774899795656705
592774918103769088
592774969282699264
592775123142336513
592775298246148096
592775391036743682
592775440005214208
592775604984008705
592775629659058177
592775635988250625
592775703264960513
592775853009989633
592775935541301248
592776076524462080
592776132845576194
592776213346783234
592776305147543554
592776399716515844
592776465407684608
592776485972369410
592776559628578816
592776644345131008
592776738951802880
592776798280261632
592776891989385216
592777004363214850
592777176312864768
592777232122257408
592777287126425600
592777351982936065
592777422619209728
592777465317187587
592777657584111616
592777687846014976
592777789016657920
592778326227431424
592778408242843652
592778948498554881
592779173514616832
592779238505377792
592779296193773569
592779548820922368
592779960672264192
592780175051468800
592780384510857216
592780497878650880
592780544573865984
592780628887732224
592780655051874305
592781180455489536
592782200355061760
592782909842563072
592783316362858496
592783389461258243
592783508399124480
592783510798217217
592783745620533249
592783941658083328
592784230138122240
592784305874677761
592784481171406850
592784694816743424
592784850937114624
592785048425918464
592785255964225538
592785500802547714
592786024650145793
592786216615018496
592786324706451458
592786487621636096
592786826924072962
592786898579550210
592786917395144705
592787067081465856
592787100614950912
592787325001818112
592788300307509248
592788305051254785
592788401486704642
592788861534765057
592788940261842946
592789124848947201
592789588252438529
592789895954964480
592790606948208640
592791173284155392
592791533256052736
592792550605488128
592792779648061441
592793041246789634
592793419170377729
592793595037544448
592793870120923136
592794294236389377
592794495374249985
592794660709539840
592794718486056962
592794895494033408
592795180509564928
592795309660569600
592795370914238465
592795569304797186
592795645125251073
592796187503271937
592796373591957507
592796379627520002
592796660121608194
592796783551619072
592796793219452929
592796885959712768
592797938532929536
592797938583212033
592798277457817600
592798783781613569
592799005140250624
592799226154876929
592799227761270784
592799326142861315
592799489682968576
592799968345337857
592800906510479362
592801144633749504
592801765990506496
592801792905326592
592801876623695873
592801967174483969
592801975290454018
592802688632492036
592802846925553664
592803016543174659
592803161351532544
592803524699942913
592803739511201793
592804211152310275
592805370231463938
592805370432770049
592807209190424577
592807329726373889
592807354791555074
592807940014403586
592808206147158017
592808271033020419
592808411789656065
592808653784223744
592808957980372994
592809078541418496
592809087554969600
592809982153891840
592809991624589313
592810198592561153
592810251604353024
592811078486237186
592811200141983745
592811378160836611
592811518347051008
592812341038809089
592812376719761409
592812987599167488
592813409646817281
592813507852279809
592813803403878400
592814198087888898
592814635889401857
592816272016076802
592816283764322304
592817031839375361
592817327231606784
592818550273875969
592818729991413760
592818798551506944
592818961986756609
592818991695056896
592819201754148865
