591909937531392000
591909946293231616
591909977805074432
591909983786119168
591909984624979968
591909985749110784
591909991684014080
591910022617047040
591910041403305984
591910052136497152
591910069597577216
591910084998877184
591910093693722624
591910111204900864
591910140820856832
591910190242365440
591910199440486400
591910200971436033
591910217303986177
591910241492606976
591910252313976832
591910254805266432
591910280637976576
591910303757049856
591910311227052032
591910316222455809
591910327031238656
591910333683367936
591910334354436096
591910354243997696
591910354394873856
591910405175279616
591910405259202561
591910409977798657
591910422023831552
591910428298616832
591910476700725248
591910510515212288
591910511148605440
591910518383742979
591910531289591809
591910535484067840
591910543675392001
591910544212299777
591910568228859904
591910574000242689
591910609559523328
591910614538317824
591910624851927040
591910631235715073
591910639032864769
591910643634016257
591910660721651712
591910679751303168
591910695362433024
591910704640167936
591910709568675840
591910714979143680
591910740379836416
591910745014546432
591910752715321344
591910752803389440
591910756330811393
591910762622427137
591910770906017792
591910820025536512
591910824874151936
591910835158523904
591910866011852800
591910920835637248
591910931388477441
591910968025849858
591911048288010240
591911056244477952
591911079153774592
591911086464446464
591912367421689856
591912431040868352
591912457813118976
591912647374831617
591912749581512704
591912891520921600
591912937595408384
591913330148712448
591913656415195136
591913715080962048
591913717488463872
591913718637850624
591913730373394432
591913734551003138
591913737919045632
591913739277893633
591913755061030912
591913755509854208
591913831263252480
591913834710872064
591913845033046016
591913852771565568
591913853849505792
591913858345766913
591913858387705856
591913858274430976
591913862892490752
591913863353749504
591913874082770946
591913883192819713
591913891317227521
591913894416764928
591913896975339520
591913906030780416
591913909700800512
591913909776306176
591913915581247488
591913935135232000
591913981142372352
591913982698647552
591913987266207744
591914093419700224
591914100285812736
591914110876524544
591914111396491264
591914112327688192
591914122478022656
591914141301899264
591914142333685762
591914148591603712
591914152278380544
591914161447243777
591914189632897026
591914192585633794
591914198411517954
591914203306336257
591914213414543360
591914216644157440
591914228526686208
591914238592950272
591914245266092032
591914251385643008
591914261401640960
591914263989456896
591914264522141696
591914274315866112
591914277016993794
591914283396636672
591914293337034754
591914323410350081
591914326518173696
591914331266109440
591914340095143936
591914368008364032
591914374450675712
591914380649889792
591914383976091649
591914388040208384
591914390066073600
591914396005244930
591914400790892544
591914403127132160
591914412920868864
591914419875028993
591914422463033345
591914423943634944
591914425356922881
591914431254147072
591914432713740288
591914449994289152
591914451328212992
591914462556196864
591914466427691008
591914483917848576
591914484345671682
591914485939580928
591914489475407872
591914515702284288
591914555120295936
591914576993628161
591914577719361536
591914578390306816
591914588314017793
591914592873230336
591914602839089152
591914605133205504
591914606991314946
591914649504747520
591914663253643264
591914671310905344
591914672158154754
591914677925347328
591914683180822528
591914686897123328
591914686636896256
591914689547776000
591914714600378368
591914721416183808
591914741297119233
591914741942988800
591914764172808194
591914775229042688
591914833118961664
591914835748597760
591914843596259328
591914867231064064
591914867788939264
591914869802160128
591914896599621632
591914918875533312
591914923283714049
591914924680478720
591914968154406912
591914974697521152
591915012442099712
591915020327366656
591915090393239553
591915092347727872
591915095283773440
591915099599671297
591915099998171137
591915119669420032
591915125851848704
591915133225566208
591915133162524673
591915137147109376
591915152858976256
591915159448260608
591915167962660864
591915179736211456
591915191492706304
591915192025419778
591915205669441536
591915207049502720
591915265643778050
591915268907114496
591915270739873792
591915283998253056
591915289530355713
591915329422405632
591915333776080897
591915334140985346
591915342198243328
591915375085793282
591915376948023296
591915399454699520
591915418048008194
591915423613911040
591915427216785408
591915427850227712
591915432891650050
591915438667235328
591915456501391360
591915461454999552
591915481440788480
591915482548056066
591915614811197443
591915639985451009
591915642149711872
591915674089447424
591915677151141889
591915710684602368
591915720004358144
591915739730153472
591915742859112449
591915751545511936
591915766129102848
591915775843110912
591915806579011584
591915809640882177
591915842729738240
591915862753292289
591915880683962368
591915883779338241
591915900061798401
591915903836491776
591915932743651328
591915949068001280
591915951911645185
591915961801805826
591915974686683136
591915982911893505
591915997147361281
591915997000404993
591916006861197312
591916083654758400
591916116974284800
591916117213335553
591916128621895680
591916153179516928
591916172548923392
591916177305313281
591916223710961664
591916246683156481
591916271576350721
591916288290598914
591916292610752512
591916347447119874
591916354636091392
591916364647960576
591916373430796288
591916377532825600
591916390602256385
591916391441170432
591916409157853184
591916412194557953
591916414639808512
591916414790815744
591916419287101440
591916429626081280
591916439679959040
591916444129959936
591916462974996481
591916485246779395
591916497070592000
591916508466446336
591916554943508481
591916560568188928
591916560660344832
591916563785129985
591916576644812800
591916576682549250
591916577060040704
591916596093812736
591916598556020736
591916603106861056
591916611096969216
591916623532982273
591916625269370881
591916627463016448
591916629912584193
591916629895868416
591916656789692416
591916657108385792
591916669913714688
591916685457776640
591916746388348928
591916765585678336
591916853494194176
591916917994160129
591916918434500608
591916941343793153
591916942006489090
591916958263734273
591916967566540802
591916973312737280
591917019345260544
591917052241129473
591917056913764352
591917066006855680
591917124047609856
591917129525555201
591917167978905600
591917170050748416
591917175914536960
591917179789922304
591917217966530562
591917231061106689
591917231757484032
591917235737767936
591917236253630466
591917244688404480
591917257904631809
591917259662036992
591917262371618816
591917290049904640
591917297012355072
591917354637918209
591917380948733952
591917400137682944
591917410787069953
591917411110100993
591917424963792896
591917426771648513
591917428923334656
591917450867773440
591917452180656128
591917472997060608
591917483012960256
591917499261657088
591917508837277696
591917511270084609
591917519449038849
591917522443640832
591917528676306945
591917532711260161
591917540055621633
591917548339363841
591917548918046721
591917557268893696
591917557327613952
591917614449823744
591917615544664064
591917628937015296
591917643424104450
591917651779129345
591917665435815937
591917671010045953
591917674440957953
591917735610744833
591917740983603201
591917747291860992
591917756666224640
591917795572453377
591917813738053633
591917874131828737
591917879051702272
591917884756004864
591917894738550785
591917901952765953
591917946470961152
591917965156618240
591917965781569536
591917966591008768
591917981468262400
591918001160486913
591918003949703168
591918025646813185
591918036132573185
591918044118708224
591918126092136448
591918130512863232
591918134371553280
591918138398150657
591918153405366272
591918157054353408
591918157993934848
591918168324513792
591918179791740928
591918189740625920
591918190277459969
591918194090086400
591918210762481664
591918214432563200
591918243951980544
591918278093705217
591918291129540609
591918298612117504
591918299488759808
591918300033994752
591918305352425473
591918309773340674
591918309907439617
591918381449752576
591918383131529216
591918383718748160
591918385283215360
591918385752973315
591918386990288896
591918401750085633
591918411787145216
591918429457625088
591918446176120832
591918472898064384
591918488337387520
591918494616145921
591918516166524929
591918522021781504
591918568108904449
591918578342854656
591918638791200769
591918642268278784
591918644638023680
591918650568749057
591918651890012161
591918655102963713
591918655946006528
591918656667320321
591918661662736385
591918667815759872
591918673800998912
591918675180945408
591918678209220608
591918681333977088
591918682131079168
591918685150785536
591918694554423296
591918700300738560
591918709003845632
591918715249164288
591918720232116224
591918720097759232
591918732202496001
591918732567572480
591918733502717953
591918746186448896
591918747901886464
591918747767541760
591918752435830785
591918752486133762
591918763659788288
591918764687368192
591918766532874240
591918767774412800
591918774497882112
591918778969034752
591918779518550016
591918779484909569
591918783528194048
591918784052527104
591918788582313984
591918793045123072
591918801014390784
591918801454637056
591918877090676736
591918877845553153
591918879447785472
591918885571428352
591918886116700160
591918888675192833
591918896602480640
591918899970478080
591918903086854144
591918910158409729
591918923739594752
591918925459238912
591918929011810304
591918929913622528
591918930068811776
591918930748264448
591918937211801600
591918949828153344
591918951510069249
591918959240196096
591918974775922689
591918977737068544
591918980056551424
591918987300089858
591918988977803264
591918991305650176
591918992018649089
591918992467496960
591918993226670080
591918994623373312
591918997165092864
591918997337022464
591919001288122369
591919012050653184
591919013761982464
591919046708174848
591919134977298432
591919135103127553
591919142254448641
591919158335418368
591919162571751424
591919163733516288
591919174915477505
591919177859862528
591919188362407936
591919195950096384
591919198881714177
591919200324624385
591919206548905984
591919223321989120
591919226350272512
591919227071639553
591919227746983936
591919236710141952
591919239344300032
591919248693329920
591919254250754049
591919256888942593
591919268888870912
591919268876267521
591919274827984897
591919279072628737
591919280851001344
591919287754952704
591919293035515905
591919300279173120
591919301218566145
591919302170714114
591919314153836545
591919315957338112
591919326841610240
591919328695582720
591919331694358528
591919339323822080
591919340666134528
591919384290992129
591919387621203968
591919392528605184
591919396139831296
591919397146525696
591919398685835264
591919406843695104
591919408076886016
591919411063353345
591919411998629888
591919424237477888
591919425323958272
591919426565378048
591919427597139968
591919434224181248
591919435067195392
591919438238228480
591919443057442816
591919465576566784
591919475290574848
591919478927192064
591919495930880001
591919511688728579
591919526230523905
591919637018898432
591919659034640385
591919659881893889
591919659722510336
591919675098824704
591919686427619328
591919725581590528
591919734838419457
591919741129740288
591919742249644032
591919751275884545
591919751439392769
591919817013100545
591919818120548352
591919840778067969
591919843504312321
591919902870544384
591919911439478784
591919916242104320
591919927600091138
591919942116593665
591919942657708032
591920036182233089
591920042285010944
591920048224096256
591920060492447745
591920089793843201
591920096148258816
591920103127580672
591920164561559552
591920187407925248
591920194911502336
591920201966309376
591920230764388352
591920234941927424
591920247768109056
591920248212869120
591920259424124928
591920264029425665
591920273382739968
591920274095878144
591920298506604544
591920300402454528
591920300784230400
591920338176454656
591920397085323264
591920408535764992
591920434993451008
591920454559928321
591920459735666689
591920461967134720
591920498331660288
591920502496624640
591920519298961408
591920539112837121
591920553952325633
591920555403530241
591920563074928640
591920564857634817
591920703202463744
591920753563439104
591920775994732544
591920804322881536
591920811432247296
591920911290249216
591920998108135424
591921008459776000
591921029464883200
591921035722625024
591921047798157312
591921059701460992
591921082191360000
591921091674681344
591921101053104129
591921176735125504
591921238714359808
591921276454768640
591921276723138561
591921276593184769
591921276735721472
591921277020995584
591921276979019776
591921277004189696
591921277104852993
591921276953825283
591921277905948672
591921277926912000
591921277918547969
591921277905973248
591921279336251393
591921279344607232
591921279369752576
591921279311032320
591921279382360064
591921279378141184
591921279332028416
591921279399137281
591921279826939904
591921279793397761
591921279797604352
591921279390720000
591921279805960192
591921280867139584
591921280875499520
591921288790220801
591921288802799617
591921288777637892
591921288794386432
591921288794406916
591921288786018304
591921288811126784
591921288790192129
591921288777633793
591921288798601216
591921288790192128
591921288781824000
591921288785997824
591921288790183937
591921288794378241
591921288794415104
591921288815378433
591921288844685312
591921288802762752
591921288806998016
591921288794378240
591921288798547969
591921288798580736
591921288794406912
591921288802738176
591921288794349569
591921288777609217
591921288806993922
591921288802766848
591921288798605313
591921288806993921
591921288794415105
591921289205428224
591921289255784448
591921289213816832
591921289280925700
591921289259978752
591921288794406913
591921293236113408
591921293349388288
591921409133191168
591921429588811776
591921436555522048
591921441789988864
591921443077685248
591921506990436352
591921519334330368
591921528553484288
591921642634350592
591921659059294208
591921660875399168
591921694580862976
591921698749845504
591921698993098752
591921701144895488
591921702956716033
591921744690065408
591921748880166912
591921811677392896
591921813417889792
591921828676771840
591921830279061506
591921923170250752
591921924864741376
591921926676746240
591921970893037568
591921978174373889
591921991591923712
591922000018345984
591922011900809216
591922068930764800
591922089298239489
591922096793489408
591922162535038977
591922174434246657
591922183498137601
591922224002543617
591922228486340608
591922228746289152
591922265161277442
591922294827552769
591922328197443584
591922337747992576
591922428189642752
591922432279064577
591922442869702657
591922449924501504
591922456442576896
591922473970446337
591922495642406912
591922500382040064
591922508493914114
591922511756984320
591922512872624130
591922534678855680
591922544002863106
591922557768445952
591922581822803969
591922601968074752
591922669232074754
591922670465257472
591922673447411712
591922679118229506
591922693923938304
591922700454498304
591922707958091776
591922718578114560
591922723015761920
591922724290830337
591922741181190144
591922741994868736
591922750190592001
591922766682595328
591922767655604224
591922785951219712
591922789445017601
591922790241939456
591922808743071744
591922810995363840
591922813667160067
591922922006056961
591922926468796416
591922948245565441
591922957288484864
591922961394741248
591922968919416832
591923007871815680
591923011399372801
591923021775966208
591923052931198976
591923065509937152
591923087962157056
591923097206325248
591923100020674561
591923178328485889
591923195147522048
591923199132053505
591923208602791937
591923208808308736
591923209471066113
591923214508371968
591923230828470272
591923239015690240
591923242257911808
591923272888922112
591923290551222272
591923291188768769
591923292073668608
591923310402752512
591923315016486912
591923315419324416
591923331705638912
591923351813165056
591923356087156736
591923368779067395
591923417802272768
591923445643935744
591923447208517632
591923465235468288
591923470667231233
591923491101868035
591923493291327488
591923504871809024
591923534487662593
591923579622588416
591923615773249537
591923697868353537
591923751224217600
591923764977274880
591923766181134336
591923773118414848
591923782962413568
591923795956342784
591923803287986176
591923803023740929
591923805808799744
591923816479084545
591923843985342464
591923858250272769
591923871135174657
591923872129228800
591923877204267009
591923937736527872
591923954794692608
591923974562451456
591923975359307776
591924017432395776
591924074080804865
591924115910471682
591924116225044481
591924118460600320
591924190548135936
591924202040504320
591924229311987712
591924231853576192
591924247330758656
591924346265800704
591924349600342016
591924350267174914
591924351471112192
591924447163985920
591924446719385600
591924450028748800
591924456445972480
591924460808065025
591924461269463040
591924544044019714
591924544819986432
591924565288226816
591924587333611520
591924607755497472
591924707542179840
591924714043379712
591924720079015936
591924726890516481
591924769097908224
591924770309939200
591924772415541248
591924776257617920
591924795433824256
591924827629309952
591924832758988800
591924855001501696
591924864392495104
591924949050208256
591924974996180992
591925004586987520
591925007866994690
591925020475006976
591925029824147456
591925044734889984
591925046433611776
591925059586928640
591925061369483264
591925062128640001
591925070433366016
591925073218502656
591925080470466560
591925094311571456
591925094814912512
591925096593264640
591925100234018816
591925237291225089
591925249945391105
591925285953675265
591925290789634048
591925299324977152
591925334796275712
591925355675389953
591925366228262912
591925369214636034
591925464714878976
591925471832477697
591925519857291264
591925536412160000
591925542397485057
591925550261895168
591925565042470912
591925591646973952
591925705597784064
591925707883880448
591925717845155840
591925718134575104
591925726397345794
591925766201344000
591925768709484544
591925769045028865
591925776846565376
591925779107188737
591925782311612417
591925787806142464
591925788477370368
591925802876309504
591925821067034624
591925825366163456
591925848657256448
591925852566212608
591925889065209856
591925895415234560
591925954173214720
591925955632988162
591925958673838080
591925960829636608
591925998293233664
591926008179208195
591926062185095168
591926079473913856
591926209438584832
591926235455827968
591926256041525249
591926276048322560
591926304208850944
591926324408680448
591926332310753281
591926333304741888
591926339566862336
591926377923743746
591926382311051266
591926395837804544
591926451185717249
591926488875835392
591926500041072640
591926501735444480
591926518810415104
591926548019556353
591926580215029760
591926586485542912
591926603262857216
591926627774246912
591926716773236736
591926719935815681
591926721651212288
591926750474440704
591926785337532418
591926787329884161
591926817310773248
591926820456378368
591926853201440768
591926856997175297
591926870033047552
591926871790518273
591926969538842625
591927037255819265
591927050904043520
591927055261896705
591927059175243777
591927075310673920
591927081770065920
591927082780884992
591927087277150208
591927092205387776
591927109569875968
591927119288135681
591927126258921473
591927130470096896
591927147834421250
591927243120717824
591927267313393664
591927284396924929
591927301069082626
591927326419521536
591927342382993408
591927369981538304
591927373341151232
591927376323293184
591927383344590849
591927395088609280
591927413078040576
591927414080450560
591927493310820354
591927515406422016
591927518325669890
591927526357803008
591927534687649793
591927567315251200
591927572297953280
591927572218294273
591927577310326784
591927583249403904
591927586248216576
591927639289397249
591927643408334848
591927643743752192
591927657236955136
591927660651126784
591927755995885568
591927760198758400
591927766150418432
591927768318808065
591927769413582848
591927772047548416
591927777433034752
591927778674483201
591927785221820416
591927786098462721
591927801793642496
591927815026577410
591927855115685890
591927875739095040
591927885172113408
591927997071904768
591928012137893888
591928018349654016
591928070807818242
591928090927833089
591928100922990592
591928103741427712
591928148561911808
591928154878382081
591928158242217984
591928300752121856
591928311615356928
591928315218370560
591928319383240704
591928321669140480
591928338865750016
591928369542991874
591928409640435712
591928425255870464
591928435842289664
591928503831961603
591928503907393536
591928505308295168
591928538845970432
591928604579205120
591928656932511744
591928676251467776
591928764596125697
591928786980999168
591928798230130688
591928811840622592
591928875405484032
591928875896152064
591928876713910272
591928879599620097
591928890282487809
591928893281566720
591928905386184704
591928919185428480
591928926936543232
591929019047628801
591929020431859712
591929058155343872
591929069412814849
591929095505649664
591929099251228673
591929123276075009
591929132050718720
591929163629600769
591929270022250497
591929272140365824
591929278733758464
591929281787232256
591929312250441728
591929315274534912
591929319804440579
591929320324628480
591929333532401665
591929344802594816
591929346475986945
591929369989292034
591929373441323008
591929387810951171
591929398271447040
591929413106728960
591929506560090112
591929510754275328
591929525417734144
591929527200284672
591929527221112832
591929574910484483
591929617491087360
591929619609092096
591929630988193792
591929646637129729
591929650504474624
591929676752367616
591929679772192768
591929750878298113
591929752966926336
591929763050160128
591929764165898240
591929769110941696
591929775704383488
591929777973547008
591929778007101440
591929792653496321
591929820814118912
591929824039407616
591929825209634816
591929827302744064
591929834470830081
591929847624048641
591929847619784705
591929853437353984
591929855207346177
591929855664611329
591929857073762304
591929858105544706
591929864220966912
591929865076539392
591929869488918528
591929870227091457
591929873846833152
591929878921875456
591929885095931904
591929894671519744
591929903668334592
591929912216326144
591929926774759424
591929932164521985
591929933774999552
591929936673280000
591929938074185728
591930008714743808
591930026318106625
591930045033160704
591930045863604224
591930051714621440
591930065685843968
591930117196120064
591930129556738051
591930133017141249
591930134204059648
591930136980692992
591930156081549313
591930168467304448
591930171994734592
591930172603035648
591930181817733120
591930183709368321
591930259966046209
591930265305362432
591930282741137409
591930284238630912
591930287946346496
591930292861972482
591930295995265024
591930300638203904
591930325242126336
591930328459128832
591930342602199040
591930343407558656
591930347333423104
591930367990345728
591930369949224960
591930373686239234
591930377066782722
591930385006657537
591930389087657984
591930390979346432
591930392967401473
591930401653788672
591930401767174145
591930404237512704
591930408733790210
591930410260508674
591930416002568192
591930513411088385
591930515613097985
591930520012918784
591930524861530112
591930539323457536
591930541491945474
591930592985554944
591930603253071873
591930610018484224
591930610358194176
591930638048972801
591930650682200066
591930662648614912
591930666914164736
591930670915584001
591930772702896129
591930781146087424
591930781892628481
591930809835106304
591930828369723392
591930854416449536
591930860531806208
591930863299923968
591930871575359488
591930876834942978
591930881935220736
591930890231615488
591930892936839170
591930909718249472
591930923584630784
591930944841355264
591930951598362625
591931019143417856
591931039020253184
591931046700163074
591931047870345217
591931057819099136
591931068003000321
591931068246323200
591931083761053697
591931087057768448
591931099351121922
591931101494452224
591931121757265921
591931121807396864
591931122612772864
591931140547588096
591931145899606016
591931164018876416
591931181962121216
591931196411621376
591931276329930752
591931284563185664
591931301013295104
591931308458147840
591931320114118660
591931323738128384
591931350543826944
591931357640527872
591931366461190144
591931370991058945
591931378058428416
591931380415766528
591931383041265664
591931399768150016
591931412132966400
591931415039647745
591931457708392448
591931467518771200
591931538616356864
591931547638304768
591931555775258624
591931556081442816
591931579770908673
591931584925736960
591931591456260098
591931593494630400
591931601874853888
591931602931847168
591931611790225408
591931619742654464
591931630308237312
591931642622541824
591931659328487424
591931662499385344
591931683898699776
591931696561414144
591931705822466048
591931715905425408
591931719403507712
591931807223779328
591931836655218688
591931841478828032
591931859258314752
591931873942634496
591931886089318402
591931893467127808
591931907337654272
591931939923197953
591931944935497728
591931951277281280
591931970579345408
591931972152262656
591931981295783936
591932043832885248
591932050745208834
591932068411658240
591932082340896769
591932110144835584
591932113391222784
591932137865027588
591932174686752769
591932185399173120
591932187596853248
591932288163713024
591932297718276096
591932308896096256
591932319541239809
591932332791230465
591932348356243456
591932371118592000
591932374268579840
591932386721419264
591932400730505216
591932420544278528
591932426529669120
591932443206164481
591932450940456960
591932458372706304
591932466685808640
591932571862204416
591932590879309824
591932623129354240
591932652258746368
591932652304859136
591932652564905986
591932652518830080
591932652686475264
591932671640539136
591932673951735808
591932696361762816
591932708508585984
591932710521831425
591932714149744640
591932786287587328
591932787659149312
591932817451384832
591932852440211456
591932863127293953
591932867929894912
591932889236897793
591932898980274177
591932904512606208
591932919842668544
591932928814362625
591932936070430721
591932954625974273
591933033604722688
591933034921787392
591933042702286848
591933057877352448
591933100348678144
591933140144369665
591933145630412800
591933147647840256
591933166031507456
591933171081445376
591933179432435713
591933188261453824
591933224290516992
591933225154519040
591933294540943362
591933298865082368
591933306872135680
591933310353346560
591933329487699968
591933338019037184
591933339428225025
591933417811501056
591933444537585664
591933457711833089
591933465261527040
591933473331392512
591933536136876032
591933557330710528
591933607951736832
591933608413167618
591933630580191232
591933631142166528
591933654953168897
591933695784718338
591933706031337475
591933805713207296
591933808808579072
591933839104155648
591933847643824128
591933850185404416
591933922113642496
591933931051720704
591934058361303042
591934085565526016
591934088568639488
591934127244333056
591934165353771008
591934200292315136
591934216855683072
591934297310941184
591934336473042944
591934339690012672
591934363312463872
591934392009895936
591934394018832384
591934412499062784
591934575510585344
591934580929785856
591934589272084480
591934603457232896
591934681559379970
591934688341729280
591934694758842369
591934696595984384
591934711850606593
591934718632857601
591934721203970048
591934723431137280
591934800929300480
591934810299465729
591934815152132097
591934823196823552
591934840057909248
591934846949150720
591934848547225600
591934858638700544
591934895909425152
591934915043860480
591934915408580609
591934935750979584
591934936895987712
591934954679984128
591935065120239616
591935069993865216
591935083201728512
591935107159719936
591935165502398464
591935178374680576
591935216509276162
591935308498800640
591935319169196032
591935324114137089
591935400916037632
591935415231188993
591935419366838273
591935438077743105
591935442712408064
591935457384005632
591935463293849600
591935555136434176
591935586199543808
591935627379150849
591935628637376512
591935636405243904
591935638355611648
591935642038185985
591935643166584833
591935720153096192
591935728206094336
591935824352120832
591935837966766081
591935858879639552
591935884146049025
591935892748570625
591935898171740160
591935903888707584
591935907973988352
591935936910331904
591935940681019393
591935942279106561
591935943193559040
591935955235250176
591935959463133185
591935960335519745
591936061145632769
591936061141491712
591936077994287105
591936095736074240
591936126346088449
591936132088213505
591936139872833536
591936152715661312
591936220537716736
591936370517614592
591936393296883712
591936443599032320
591936463308255233
591936471507996672
591936476306280449
591936564315430912
591936590445875201
591936610276519937
591936610591191041
591936635509600256
591936660012535809
591936673669390337
591936711166394369
591936727771516928
591936732473397248
591936814832685057
591936837968617473
591936858092744704
591936901281517568
591936905677156353
591936967564103680
591936968637874177
591936969866924032
591936971783557121
591936985641660416
591936993547923456
591937002259484672
591937004142637056
591937004247486466
591937092336254976
591937114192875520
591937130626158592
591937134707146753
591937170715217921
591937187370954753
591937216059834368
591937230186229760
591937248901365760
591937328714620928
591937332875399170
591937337581502465
591937343210192896
591937349774245888
591937379256147969
591937400420438016
591937417889730560
591937425724805120
591937430707539968
591937433756774400
591937455617486848
591937472113704960
591937478405193728
591937576547659777
591937603751940096
591937607757529090
591937630373171201
591937646655447040
591937753106894848
591937826431717377
591937832404459520
591937836816867329
591938074579447808
591938113997443073
591938134566383616
591938137758126081
591938190497439745
591938217210871808
591938225364553728
591938270960885760
591938276295974912
591938297724801024
591938336710742016
591938337763676161
591938338724032513
591938359288725507
591938378276311040
591938382986682370
591938388732686336
591938399273005057
591938420097748992
591938433020362753
591938434241011712
591938445746040832
591938464003690496
591938468994949121
591938471775764480
591938472161640448
591938473235320832
591938479006691328
591938543838179328
591938543666135043
591938588155125760
591938618849112065
591938620535144449
591938629091491840
591938648943120384
591938651745038336
591938679091789824
591938680547217408
591938691465023488
591938697198612481
591938758141816834
591938839645540352
591938845697945600
591938851406422016
591938899603169283
591939037977391106
591939050384138240
591939111633555457
591939117203632128
591939170727239680
591939183519772673
591939212485660673
591939290063507458
591939296472539136
591939299114758145
591939307138621440
591939351136710656
591939368190775296
591939447643504640
591939471828000770
591939479377674240
591939608495017984
591939611137540096
591939616858484737
591939637196685312
591939647678369792
591939681320734720
591939708256522240
591939716192161794
591939732927479809
591939793879072768
591939810291482624
591939816918425601
591939821607616513
591939827290902530
591939844927918080
591939863177334784
591939935499853824
591939966931968001
591939983222644736
591940042496552960
591940074222329857
591940075736289280
591940095948754944
591940134431371265
591940142245359616
591940157856690177
591940177976655873
591940180048621568
591940180983943168
591940190115004416
591940208284708864
591940222654394368
591940292556640257
591940337360220160
591940345648152576
591940351365111808
591940399033253888
591940412383821824
591940470927851521
591940486786523136
591940544617521155
591940550669967360
591940556260909056
591940789585907712
591940791578206209
591940902186328065
591940908578316288
591940917008986112
591940921735778304
591940948990406659
591940971333488640
591940983731924993
591941073016074240
591941109376397313
591941109011582976
591941125851643904
591941143081844736
591941151998889984
591941188942307328
591941220290560000
591941299592298497
591941304101314561
591941334707019776
591941355745587200
591941375697911808
591941381486022657
591941388566011904
591941443784052737
591941464105422849
591941553335074816
591941571173462016
591941611627499520
591941616815865856
591941620251123714
591941640501211137
591941650068348928
591941818469724160
591941854129709056
591941866125307906
591941890091552769
591941924040282115
591942077895708672
591942142840283137
591942177720172544
591942320481636352
591942324906696705
591942407089958913
591942407882547202
591942415210119169
591942422684274690
591942436953391104
591942476086136832
591942488702787585
591942583447920640
591942587465871360
591942613671903232
591942614460444672
591942614263300096
591942627890745344
591942628272427008
591942633733382144
591942644936351744
591942652846690305
591942827409440770
591942849186406400
591942856337567745
591942924507717632
591942958506582016
591942960792543233
591942965137940481
591943011468062721
591943016232783872
591943063120973824
591943089662529536
591943097845559296
591943101385560065
591943108281114625
591943113305894913
591943121262383105
591943130972205057
591943151687847936
591943157409013761
591943162928574465
591943171686408192
591943209594396672
591943211754520576
591943215730798592
591943222886158337
591943313470533634
591943317266370560
591943328125558784
591943341866131457
591943357565243392
591943376171237377
591943377391726592
591943382794121216
591943401307648000
591943409876664320
591943413412417536
591943439685550083
591943441723961345
591943447323348992
591943448636198912
591943469330866176
591943507151081473
591943509189521409
591943574528266240
591943592878440449
591943594455379968
591943612092387328
591943627888177153
591943633349120000
591943668707233792
591943671945166848
591943696632807424
591943707190030336
591943721056378880
591943828027748352
591943831580385281
591943844628865024
591943858474381312
591943862521737216
591943868079157249
591943868079157250
591943868217589760
591943868074954752
591943868087545856
591943868074971137
591943868070821888
591943868028825600
591943868070830081
591943868125327362
591943871208235008
591943914350780416
591943929962078208
591943940011630592
591943948656082945
591943950191173632
591943970298572800
591943985620332545
591944070508969984
591944083779620864
591944084115333120
591944087965716480
591944114389721088
591944125802414081
591944157809213440
591944196958879744
591944205120901120
591944214218346496
591944224876077060
591944225735974912
591944239887548416
591944248263634945
591944320241913856
591944333764403201
591944333642887169
591944340089470976
591944343612559362
591944344304685057
591944372914032640
591944379339673601
591944382539960322
591944399786876928
591944427377074177
591944443554594817
591944595509882880
591944610349490176
591944613159645184
591944617861337088
591944654553108480
591944670256582656
591944700069740546
591944708726751232
591944711432216577
591944737709531136
591944744994930688
591944755380117504
591944824674066432
591944825651466240
591944832316243968
591944846161616896
591944863534419969
591944869909790723
591944882807242752
591944932459347968
591944974050013184
591945078320467969
591945084804976640
591945093801738240
591945099841445890
591945102551023616
591945142824763393
591945155101331456
591945158519820288
591945165218054144
591945190945869824
591945202199171072
591945244700082179
591945378099924992
591945389701402624
591945422085566464
591945429073399808
591945464922124288
591945472077533184
591945475940556800
591945477555236865
591945488481431554
591945534505689088
591945597114023936
591945610804137984
591945656496828416
591945663350353920
591945669176217601
591945670023602176
591945671470501888
591945686632902656
591945686918139904
591945691683037185
591945714026053632
591945718895550465
591945731629514752
591945863846584320
591945886051139584
591945889872154624
591945898235719680
591945911028162562
591945936156237824
591945938429562881
591945960516751360
591945969555611649
591945974718730240
591946025075609601
591946025612382210
591946037402578945
591946047137525760
591946099373445120
591946108575686656
591946112434446336
591946126548434944
591946177962057728
591946188535934978
591946190029099008
591946214821601280
591946229002555393
591946241564487682
591946264599724032
591946294190444545
591946351488802817
591946356643758080
591946377724297218
591946409894621184
591946419881299968
591946432917032960
591946433915326464
591946465729056768
591946468711206912
591946498579034112
591946625674772480
591946871817379840
591946922002223104
591946931401662464
591947105867968513
591947109198340096
591947121697296384
591947130689888258
591947157432860672
591947161815810049
591947162159714304
591947220666216448
591947241138487297
591947246523973632
591947250080813057
591947372969603073
591947402166185984
591947403579826177
591947422881853440
591947428342976513
591947486668955649
591947487469903873
591947517425799168
591947524811821057
591947532290232320
591947617707274241
591947621624848384
591947631208701952
591947641627488256
591947664549285889
591947728344645633
591947749718798336
591947752319295488
591947780077133824
591947880715264000
591947945466986497
591947971593273346
591947977385766912
591947981349228544
591948135263563776
591948159292559360
591948164057440257
591948167970619392
591948190804418560
591948204813324288
591948209469009920
591948223037591552
591948223528374273
591948253886722048
591948280713519104
591948286820421633
591948287139139584
591948423710044160
591948435185659905
591948453221158912
591948455653801985
591948460825321473
591948473940901888
591948486406311937
591948500532928512
591948502386614272
591948518539026432
591948653381558272
591948674906763268
591948698411671552
591948711837585409
591948729600626688
591948751524143104
591948755571642368
591948791885987840
591948869073645568
591948874782117889
591948943170371584
591948955065298944
591948985679544321
591949020991369216
591949028662845440
591949032496304128
591949036153802755
591949043883868160
591949045737848833
591949127132393472
591949149848739841
591949201417883648
591949205796724736
591949208627716097
591949211408535552
591949211643424768
591949214478925827
591949248393924608
591949250264629249
591949253209030656
591949388223655936
591949399720210433
591949404027752448
591949458516094979
591949466116042753
591949482691940352
591949493676847104
591949496210173952
591949516057640961
591949620927803393
591949625185046529
591949649163919360
591949659330842624
591949661323296768
591949681803956224
591949709452845058
591949733192716288
591949742273339392
591949764977000451
591949877497765889
591949877329973248
591949881222111232
591949937434357761
591949957873213441
591949961014706177
591949984951566336
591949994476773376
591950008351465473
591950020418473987
591950151180103680
591950178468237312
591950190292049920
591950188907876352
591950226421731332
591950244788711424
591950253428854785
591950255471525889
591950274245177344
591950280914264064
591950380835078144
591950411772235776
591950442277416960
591950496228737024
591950501505159169
591950513693831168
591950520920743936
591950546929594368
591950639929757697
591950678530138112
591950758452568064
591950789368782850
591950796121473024
591950897795567617
591950940518776832
591950981501333504
591951123595939840
591951156860948483
591951162129027072
591951196157411328
591951208174104576
591951240155664384
591951274649718784
591951281951997952
591951284409794561
591951302868869120
591951386318766080
591951402915758080
591951412000477185
591951437720064000
591951470511009792
591951494758313984
591951494728953856
591951549573697536
591951551050031105
591951631882719232
591951647108136961
591951650337792003
591951677030146048
591951684483428352
591951708764286977
591951726485180418
591951743866437633
591951780876976128
591951876456742912
591951885952634880
591951902348288000
591951912716660736
591951936825397248
591951970811944960
591952004907462659
591952019138682880
591952024633151489
591952064818753537
591952067696070656
591952184121634816
591952226794352640
591952229197819904
591952257219825664
591952266384408576
591952383179001856
591952416708235264
591952445162422272
591952462992445440
591952488514727936
591952505313075201
591952510950240256
591952511210106880
591952512418091009
591952525026201600
591952538150113280
591952648833769472
591952706585006080
591952886990512128
591952919450157056
591952940694425600
591952950991421442
591952960361517057
591952979131047936
591953006679064576
591953024739713025
591953049741971457
591953057933500416
591953154826182657
591953203463213056
591953208085323776
591953229669208064
591953253744517121
591953276691550210
591953276729499648
591953279573065730
591953285273165824
591953305519005696
591953451715694592
591953506610778114
591953530027520002
591953538802155520
591953541691912192
591953548079976448
591953559886950400
591953650697805826
591953666082410496
591953680712105984
591953721304719363
591953745774186496
591953760156430336
591953815227629569
591953907477151744
591953934589132800
591953955602702337
591954010719981569
591954025794260992
591954160947302401
591954163031904256
591954192719282177
591954203066638338
591954218627551232
591954223543111680
591954262445273091
591954273015050240
591954294061998080
591954300210905090
591954303683678208
591954305063591936
591954324512706560
591954326857342976
591954387720876032
591954407668916226
591954413243109377
591954429818982400
591954435133214722
591954441542111232
591954470721884160
591954881444851714
591954899178426368
591954934683144192
591954951577808899
591954983425310720
591955006154145792
591955033207386113
591955038412492801
591955116095332352
591955125997973504
591955165546024962
591955202309128192
591955214510362625
591955242251485184
591955244529143808
591955246512869376
591955256172486657
591955270554820608
591955371813568512
591955375756193792
591955381729030144
591955414494945280
591955430579904514
591955431498461184
591955464402837504
591955472363745280
591955521105764352
591955527871037440
591955667272867841
591955694733012992
591955743420641280
591955877432819712
591955912019042305
591955922924109824
591955930423504896
591955942545063936
591955944910688256
591955944927465472
591955945070067712
591955945187508226
591955945065820161
591955946173169664
591955946324172805
591955946164785153
591955946349297664
591955993241718784
591956180374716416
591956208300396544
591956266093686784
591956281973440512
591956290307489792
591956376546648064
591956388852604928
591956450668388353
591956453168193537
591956458935361537
591956478614986752
591956525125505029
591956537431621632
591956537830219776
591956626132901888
591956642150756353
591956665802498049
591956697893113857
591956712350953472
591956749675941888
591956755107577857
591956800263454720
591956887131791360
591956934393081856
591956950641836032
591957001346949121
591957163381170178
591957189272571904
591957235971960832
591957252275314689
591957285104066561
591957290611179521
591957300895739905
591957416939425792
591957416356421633
591957422060732416
591957422823997443
591957425118253057
591957454130286594
591957499282137089
591957508731731968
591957637593370628
591957654991310849
591957660930441218
591957677732929536
591957678794014720
591957685379043328
591957685936918528
591957707063631872
591957719889813506
591957741326839808
591957743314993152
591957763527323648
591957762180919296
591957772826181633
591957771827941376
591957781680238592
591957793520758784
591957885334126594
591957892196114432
591957917575720961
591957937477668867
591957941604876289
591957952229023744
591957995254317056
591958006180392960
591958020663484416
591958021963546624
591958023498633216
591958048559800320
591958049830539264
591958056692371457
591958143036366848
591958151374573568
591958186376192000
591958189987368961
591958200129351680
591958209209847809
591958216004673536
591958225576034304
591958228973391872
591958236225372160
591958269825916928
591958280957628416
591958289060990978
591958293158993921
591958393331576832
591958398247292928
591958404777648128
591958422494384128
591958424193085440
591958440639074304
591958438911078401
591958483337117697
591958491151077376
591958494422638593
591958497090220032
591958497954275328
591958501951279105
591958531831566338
591958544229928960
591958555592249345
591958653269217281
591958659334275072
591958666099625984
591958702019596288
591958713579143169
591958742075187201
591958760064741376
591958784592871425
591958797083496450
591958800350904320
591958801181315072
591958807074320385
591958911994888192
591958912997396480
591958933935431680
591958947684167681
591958977648328706
591958998028398593
591959031499116544
591959033235382274
591959054840279040
591959150545866752
591959165255294976
591959182137430017
591959186994368514
591959193592041472
591959201313755136
591959233312096257
591959257186226176
591959263444082689
591959265717391360
591959325326712832
591959459884208129
591959459716534272
591959460270219265
591959464326070272
591959507401449473
591959532399529984
591959562502078464
591959680697671680
591959714381987840
591959748133523456
591959765753827328
591959777116180481
591959791938842626
591959795046879232
591959801799647233
591959820086988800
591959821840056320
591959822943145986
591959835043737600
591960159812849666
591960207669927936
591960370291474432
591960388213682176
591960432543412225
591960433172549634
591960460292816896
591960470996840449
591960485349564416
591960525002551296
591960526579634176
591960676668678144
591960678698651648
591960752719671297
591960762563825664
591960764144979969
591960771652890624
591960806272737280
591960823192428548
591960950082703362
591960980755652608
591960989949513728
591961041405227009
591961170791247872
591961193650126849
591961198377050114
591961233286299649
591961262654914560
591961263690817536
591961271181815808
591961286230945792
591961309765206016
591961316048277504
591961316685905920
591961333949566976
591961483422015488
591961509300932608
591961536484225024
591961565852602368
591961573872119808
591961693216907264
591961702738096128
591961716075855872
591961723843780608
591961726771277824
591961750137778177
591961767846121472
591961786103902209
591961789988020225
591961794177933312
591961810896433153
591961813589172224
591961814339964928
591961822309261313
591961825551364096
591961935538618368
591961983299231744
591961987174699008
591961995693416448
591961999224872960
591962012160131072
591962012898369537
591962014810918912
591962215055515649
591962238442835969
591962246437187584
591962249243176960
591962273473691648
591962296215298049
591962316138098688
591962470673088512
591962475337097217
591962483134464000
591962510229524480
591962523210907649
591962547802144769
591962554731077632
591962561043689472
591962570581536768
591962586586951680
591962597378772993
591962614713843713
591962716752846849
591962727762931712
591962728031334400
591962801410715648
591962800043347968
591962841537642497
591962874316226561
591962986824138752
591962989932064769
591962991744176130
591962997075083264
591963017635467264
591963063378513920
591963081758085120
591963100628168704
591963234179121152
591963241254821889
591963261211279360
591963284745617408
591963300377677824
591963317242974208
591963476202950657
591963525268013056
591963568888623105
591963622248550401
591963756252438529
591963780931670017
591963803778162688
591963814372839424
591963845419110400
591963989816516608
591963992676929536
591964057810374656
591964095630299137
591964100890120192
591964129570619393
591964266468614144
591964280993423361
591964283593838593
591964301755219968
591964303604850689
591964326795186176
591964327327870977
591964368717287425
591964494575702016
591964529405210624
591964537399554050
591964561990758403
591964590533058560
591964604751740928
591964609650786304
591964610997039107
591964615157927936
591964622174953472
591964628986396672
591964730882850817
591964733273681920
591964758003326976
591964765762809857
591964772960198656
591964774226907136
591964779318620160
591964792912392193
591964808263532544
591964999343570944
591965026296012800
591965054083407872
591965073750425600
591965104691777537
591965123008335874
591965236955058176
591965290797387776
591965303082483713
591965305703780353
591965365506211840
591965378273812481
591965387643719680
591965512243892224
591965515486113792
591965582225989635
591965604514398208
591965621023309824
591965745203908608
591965752753807361
591965781421740032
591965808487636992
591965829358485505
591965845175283712
591965867702751234
591965869929996289
591965869929988097
591965873373515777
591965899315261441
591966010984402944
591966015514251264
591966087736008704
591966127590256640
591966141368504320
591966247715250177
591966251393515521
591966259937316864
591966272360816640
591966313792180226
591966313733615616
591966361024270340
591966423376756738
591966442037194752
591966452204208129
591966459967836160
591966464552411136
591966477999149056
591966507036483586
591966520843968512
591966523926937601
591966551785385985
591966560866017281
591966563491647489
591966898994163712
591966929922887680
591966934549270531
591966939829837824
591966964790202368
591966974638432257
591966984922746880
591967001913896960
591967008314372099
591967030892302337
591967229320646656
591967311201964033
591967315325014016
591967508594176000
591967578639224832
591967584058146816
591967590940942337
591967749636792322
591967774328532993
591967825297707008
591967830381371392
591967970462568452
591968075970392064
591968244333817859
591968278685200384
591968287942017024
591968323534917633
591968362558656512
591968392636014592
591968584038912000
591968596508684288
591968637025538048
591968737017790466
591968755103567873
591968766646353920
591968815950487552
591968991549083650
591969006191521792
591969015725236224
591969046649704448
591969081449783297
591969093080645632
591969123296550913
591969257845497856
591969272164823042
591969296886042624
591969333716262912
591969357510660096
591969361570697216
591969361847549952
591969363533541376
591969553510309889
591969554156228608
591969613476311040
591969636964552704
591969751917862913
591969782074724352
591969812504399872
591969819316064256
591969833526362113
591969837708087296
591969879843966977
591969913943805952
591969916632313856
591970031686295552
591970041806987264
591970062011080704
591970071792062464
591970091769540608
591970124669685760
591970125491740672
591970147117727744
591970162565222401
591970328202510336
591970374608293888
591970561787432960
591970563544981504
591970577243504640
591970624714706944
591970755073548288
591970767279001601
591970787730403328
591970814049714176
591970835423985665
591970863945158656
591970876326678528
591970876486262784
591970888997679104
591971018412982272
591971054584598529
591971054622547969
591971121638936576
591971123497201664
591971138353405952
591971146263736322
591971149229219840
591971161694572545
591971288295411712
591971347112177664
591971354611613696
591971365105717248
591971375155294209
591971526070575105
591971572396658688
591971574133043200
591971606408343553
591971671189389312
591971766764834816
591971774092283905
591971790131367937
591971828249276416
591972035129126912
591972038354411520
591972038551556096
591972048630468608
591972076820508672
591972084865048576
591972092901396481
591972094683942912
591972129538756608
591972141395873792
591972146152341504
591972168612851712
591972170407907328
591972177706033154
591972266658779136
591972268441358337
591972269259370496
591972291468103681
591972307444334592
591972320945709056
591972361043316736
591972386293055488
591972398699773952
591972401048518656
591972434170884096
591972443511652352
591972443494879232
591972508636700672
591972541847109632
591972544632070145
591972557441630208
591972562206240769
591972598105288704
591972631651471360
591972663783882753
591972674198327296
591972692120580096
591972794277109760
591972822823505920
591972925554569216
591973043334873089
591973048204398592
591973069830234112
591973077111582720
591973113526669312
591973139145457665
591973161983418369
591973378229141504
591973394045739008
591973393949270017
591973394792509441
591973409736695810
591973430301364225
591973430636851200
591973445434548224
591973570051330048
591973582567284736
591973588921495552
591973644370255872
591973657750142976
591973659318718465
591973681040990208
591973689282863104
591973830978994176
591973852743241728
591973870707601408
591973881126129665
591973920997134336
591973935845081089
591973955805712384
591973982473072641
591973988127113216
591973997237149696
591974042460008449
591974060222861313
591974268377780224
591974315005992960
591974317740716032
591974322702450689
591974329652539393
591974331451736067
591974348740763650
591974360165916672
591974382202920960
591974412536127488
591974416457846784
591974562213990401
591974573173702656
591974590823403520
591974592660385792
591974614567415809
591974649862365184
591974669038682112
591974691390107648
591974824555085824
591974835150004224
591974848290623488
591974845115539458
591974876254228480
591974879030743040
591974898450366464
591974911507308544
591974915017932800
591974925814124544
591974949478277121
591974963067891713
591974965953474561
591975112066240513
591975129787301888
591975153543680000
591975159701086208
591975188645818369
591975388907237377
591975406984527873
591975411652898816
591975443797946369
591975461900582912
591975554305261568
591975624803123200
591975650459656192
591975656856166400
591975671943028736
591975676091113473
591975698199371777
591975845612298241
591975892286472193
591975923592888320
591975979788013568
591976088466776064
591976138987032576
591976150592724992
591976162303184896
591976167386783744
591976175334858752
591976187829702656
591976196730028032
591976197938139136
591976199368351745
591976201654153216
591976205542371329
591976207756853248
591976214828589056
591976215331938304
591976215076073472
591976221191360514
591976224878014464
591976225930903553
591976228388614144
591976238190735360
591976240107626496
591976246210207744
591976300832653312
591976301336141824
591976303097618432
591976337159553024
591976339676213248
591976340926009344
591976341605584897
591976348475854848
591976348647755776
591976350245789696
591976364049334272
591976364921589760
591976366888751104
591976366528188418
591976371301126144
591976378800574464
591976382994849792
591976384865538048
591976385083760640
591976385763274753
591976388640448513
591976397440045057
591976409834229763
591976412459839489
591976413722468352
591976414158532608
591976414724788224
591976414779285505
591976434664484864
591976445704024065
591976446425346050
591976448551849985
591976450963693568
591976462992814081
591976467614969856
591976471742324736
591976472035885057
591976477287174146
591976479111704576
591976481284231169
591976482395688961
591976564406951938
591976565296091137
591976581461090304
591976585885917184
591976586628444163
591976589417549824
591976591514701824
591976593171578880
591976597382639616
591976597944664064
591976598481408000
591976603825016832
591976609814450176
591976606689660928
591976613614583809
591976614524637184
591976616345108480
591976621252345858
591976625446621184
591976630463037440
591976641578041344
591976642995589121
591976645679915008
591976646187552770
591976648657932288
591976655649812482
591976665158459392
591976667377115137
591976667674869760
591976668836802560
591976686352142336
591976693029539840
591976695613108225
591976702051356673
591976702500286464
591976706518294528
591976707395088384
591976710452707328
591976711098658816
591976716706385920
591976722431483904
591976734871986178
591976843437158401
591976845685456896
591976849355317248
591976849237942272
591976857400139776
591976863595163648
591976863137996801
591976866203992065
591976867193815040
591976874844127232
591976879978078208
591976892112056321
591976895199223808
591976903537520641
591976908088303616
591976921954521088
591976924013940737
591976926543269888
591976933556125698
591976938660573184
591976939105161217
591976944851230720
591976946721947649
591976955357986817
591976963134201857
591976970126163968
591976974316253184
591976978430992384
591976986848952321
591977089860964352
591977094667571201
591977107540017152
591977111981690880
591977118294151168
591977121830010882
591977122991857664
591977125168730112
591977122899619840
591977128503201792
591977132244508673
591977137638354944
591977148350656512
591977149281771521
591977150175191040
591977159197069313
591977160191049728
591977164037300224
591977176800620544
591977189702127617
591977193498157057
591977201194532866
591977209264525312
591977220190572545
591977224158445568
591977231338975233
591977233419370498
591977235541663745
591977240189018113
591977367444299777
591977372326334465
591977379268034560
591977397001396225
591977400294051840
591977402655318016
591977409328603136
591977419579457536
591977433479262208
591977442371207168
591977446339141632
591977449661046784
591977450986295296
591977458158678016
591977459328880640
591977459458789376
591977464018161665
591977473262235648
591977473367273472
591977475128700928
591977487980199936
591977501984849920
591977583559856128
591977596503531520
591977612769005569
591977631001739264
591977636391473153
591977640275353601
591977649355915264
591977657123917824
591977663109210112
591977671048994817
591977680251330560
591977685884080128
591977689155706880
591977696600555520
591977708428472322
591977711654051842
591977719262351360
591977723351830529
591977723670605824
591977730092195840
591977733397184512
591977752431034368
591977870764847104
591977881821130752
591977899537731584
591977899961389056
591977913832079360
591977923374112768
591977937022365697
591977942504181760
591977945234739202
591977950263660544
591977965388345345
591977984984227840
591977993817296896
591978096884097024
591978126747553792
591978133085028352
591978172201086976
591978181604716546
591978190135889920
591978228174213121
591978232590835712
591978245832253441
591978246083727360
591978254203891712
591978255768526849
591978259908177920
591978260331941888
591978265348153345
591978267638427649
591978276165459970
591978419828559873
591978425193140225
591978433451724801
591978434064035840
591978445661286400
591978446181511171
591978447980732417
591978449780146176
591978449503461376
591978453953433601
591978469464084480
591978472479657984
591978474010611712
591978492322918401
591978493640081408
591978500833185792
591978505547567105
591978510563966978
591978521553076224
591978524556288000
591978530637946880
591978538024116224
591978549118107648
591978627140423680
591978680978526208
591978690981994496
591978692982734848
591978733839327236
591978744522231808
591978752348819456
591978766022250496
591978782862352384
591978785634852864
591978787895521282
591978790156251136
591978895433400320
591978904778223616
591978906967650305
591978910021128192
591978918288203776
591978928186662914
591978935421837312
591978940069187584
591978944619945986
591978961665536000
591978972541526016
591978977830440960
591978983568244736
591978992095264768
591979003860230146
591979023363747840
591979148794429440
591979159875813376
591979186383953920
591979208680804352
591979216352223232
591979220374454273
591979230583390208
591979237386657792
591979257330409474
591979269342957569
591979277198991362
591979279606542337
591979283263967232
591979286187257856
591979299453931520
591979430299373569
591979452243968000
591979486205386754
591979487362875393
591979491896991745
591979501040439296
591979505327050752
591979512289697792
591979535593115649
591979551485485058
591979556870860800
591979560339709952
591979652551299075
591979678719586304
591979680565047296
591979683018739713
591979683622694913
591979697124302849
591979701868036098
591979735439179776
591979743391645697
591979752753364993
591979776715264000
591979783891779584
591979797070254081
591979801881157632
591979902007648256
591979935947825153
591979955396808704
591979973008859136
591980008765173760
591980022925283328
591980032764940289
591980074003369985
591980107813638144
591980125282897920
591980142668349441
591980157356802048
591980157457408000
591980158204121089
591980160498425856
591980170518626304
591980174612287488
591980177049128961
591980206253977600
591980223828131840
591980226013372416
591980226457939969
591980226676002816
591980233634414592
591980284750368769
591980296163053571
591980408666861568
591980418942959616
591980447434821633
591980466804269056
591980508013273088
591980520507977728
591980545812213762
591980610710851584
591980617945886720
591980643501899776
591980695007862785
591980701647392770
591980701681000448
591980772929576960
591980801199210498
591980927011528708
591980932778733569
591980939011559424
591980949874741249
591980962210123776
591980987053047809
591981021421129728
591981021702172675
591981023543619584
591981040962383872
591981045718847489
591981135971880960
591981176425951232
591981221128720384
591981222680657920
591981235527782400
591981244272877568
591981246009446400
591981256172179457
591981258948911104
591981419779362816
591981420316266496
591981420857307137
591981445565972482
591981455926009856
591981499177512962
591981509889945600
591981530924191745
591981561685225472
591981663900475392
591981667960492032
591981666295357440
591981672322637824
591981673794785280
591981676315697152
591981703066820609
591981794410409985
591981797128339456
591981802904023040
591981959263334400
591981981048578048
591981997888827392
591981997591031808
591982060593549314
591982183843176448
591982198065999872
591982199857119234
591982218865549315
591982228193738753
591982251451281408
591982272330407936
591982301652733952
591982311974899712
591982318719406080
591982323127705601
591982336876523521
591982427901300736
591982428820021248
591982451028840449
591982451418890240
591982454107279360
591982460730286080
591982462365904896
591982469559164933
591982495530414080
591982498810236928
591982503260336129
591982509895720962
591982514199072768
591982521778184192
591982526303903745
591982530577899520
591982536655564800
591982537448132608
591982540405149696
591982552677658624
591982564262412289
591982565365575681
591982570658725888
591982578782998530
591982584739037184
591982615990652928
591982666892840961
591982684622098432
591982699230810112
591982702959689728
591982726959366144
591982737294110723
591982742729990145
591982754620772352
591982758064422912
591982761851813888
591982764318064641
591982770387230720
591982774921220096
591982788724666368
591982803484442625
591982803820085248
591982805359296512
591982808932941824
591982937723183105
591982940378140672
591982955670581248
591982960687128576
591982973567635457
591982977459949568
591982987849441280
591982994514051072
591982996372082689
591983008367845376
591983009286356992
591983016311795713
591983023039451137
591983059664281601
591983063292387329
591983066333208576
591983086729998336
591983108414509056
591983193126998016
591983200043413505
591983204367630337
591983209186918400
591983214538788865
591983216321396736
591983216195567618
591983240023441408
591983243408191489
591983249397714944
591983252941844480
591983257916321792
591983274030931968
591983278615203840
591983281941323779
591983283740610560
591983289457479680
591983294675341312
591983317370699776
591983334869241856
591983442578944000
591983455895949312
591983458450149377
591983463013617666
591983501328658434
591983527052345345
591983533284986880
591983547667259392
591983576163459072
591983584849862657
591983587878043648
591983611143852032
591983612444053504
591983618534154241
591983692983078913
591983699593338880
591983701178777600
591983706648154113
591983707688284161
591983719159857152
591983733550354432
591983734234091522
591983744480751616
591983751363596288
591983752135516160
591983757692801027
591983786440568833
591983798989889536
591983800621539332
591983805893890050
591983807474962432
591983812990611456
591983815091953665
591983832326279170
591983835379675136
591983850844106752
591983854388293633
591983857412386817
591983947329904640
591983947694927872
591983949158580224
591983975893180416
591984000341659648
591984023519567873
591984052359442432
591984077290352640
591984082197868544
591984097905414144
591984200128925697
591984201924255744
591984224267206656
591984233578561536
591984235746996224
591984247256264705
591984255116320769
591984300612067328
591984308119732224
591984321289785346
591984334711627777
591984346388660225
591984345830658048
591984353929859073
591984466681266176
591984475539709952
591984478744084481
591984481369620482
591984489548611584
591984522436083715
591984529969143809
591984535769755649
591984578279026688
591984587485618177
591984714338152449
591984754993582080
591984782176686080
591984798912028673
591984800593879041
591984800388415488
591984810190450688
591984954365587457
591984954793283584
591984960912760832
591984962988945408
591984963186102272
591984967460233216
591984971532738560
591984976880537601
591984989983678464
591985006618087424
591985022019637248
591985031180111872
591985035751903232
591985049710374912
591985055955873792
591985069385846784
591985076222578690
591985244431069184
591985253733904384
591985280149651456
591985285090701312
591985301578448896
591985320951812098
591985333346045952
591985456633417729
591985485372739584
591985486303891456
591985507116060674
591985526644682752
591985529488551936
591985564011728896
591985569321783296
591985579174141952
591985580461805568
591985585830625280
591985586631778304
591985588007370753
591985593489313792
591985595259355136
591985596274442240
591985602377068544
591985621905711104
591985714348171264
591985716957052928
591985724758589440
591985738595577856
591985739568668672
591985746380255233
591985789669609472
591985803817046016
591985825065275392
591985828374532096
591985843734118400
591985969449992192
591985996582912002
591985999057539073
591986019089551360
591986024483426304
591986034692329472
591986060827078658
591986063125577730
591986066799906816
591986099276222467
591986104904986624
591986131278929920
591986135804616704
591986140053307392
591986149251371008
591986151948320769
591986176107487232
591986179030978561
591986193102811136
591986207178903554
591986253169471488
591986491745644544
591986493775712256
591986507612868608
591986508917256193
591986521776857088
591986525077831681
591986527049101313
591986529469272064
591986538465992704
591986538570850305
591986546816864256
591986554236637184
591986559043305472
591986569826967553
591986575938031618
591986598729887744
591986639582285824
591986661833060353
591986723825004544
591986730581897216
591986764924858368
591986797011435520
591986822416310272
591986823263485952
591986831526273025
591986845912797184
591986848668393472
591986859196055552
591986859711926273
591986870562660353
591986887092359170
591986892108890112
591987048569032707
591987050821201921
591987110166466560
591987112049676288
591987115451412482
591987124729057281
591987237795028993
591987293969223684
591987298872483840
591987319433011201
591987349606662145
591987362588004353
591987368481009664
591987493848813568
591987497917231104
591987505785798656
591987513012563969
591987522298728450
591987536274149376
591987556696199168
591987558373961728
591987569312800769
591987591890636804
591987603911614464
591987604716789762
591987622815375360
591987635440103425
591987737194065920
591987746354278400
591987759226724352
591987767762104320
591987770253570048
591987810338484224
591987823680552960
591987835613360130
591987851115376640
591987878885924864
591987885005352960
591987992304099328
591988004899553280
591988017033797632
591988074676154368
591988090463387649
591988091381878784
591988107592925186
591988119026601985
591988121945952257
591988147581485056
591988281081929728
591988308630208512
591988320546254849
591988341941239809
591988343425998848
591988345305059329
591988381799723009
591988490507661312
591988496589393921
591988515765817344
591988535848083456
591988556010106880
591988561517285376
591988565338263553
591988587496939521
591988600159383552
591988601879207937
591988605012221952
591988625178517504
591988634305236992
591988745684983809
591988751691284480
591988820196786176
591988826995707905
591988857110974464
591988880968065024
591988894117146624
591988979999711232
591988990326087681
591988996231667713
591989035226173440
591989044181012480
591989065492393984
591989093124296704
591989095070605313
591989186691002368
591989193951182849
591989304093581312
591989313304395776
591989326445092865
591989797159337984
591989846542917633
591989873885614080
591989879787094016
591989897331744768
591989904474640384
591989911084863488
591989914918637569
591990023362215936
591990025962807296
591990028600905728
591990141138284544
591990141226385412
591990145219489793
591990148251852800
591990150432882689
591990304330227713
591990306112819200
591990308688146433
591990316606992384
591990346424438784
591990398752411648
591990418423713792
591990434030747648
591990434517266432
591990438376046592
591990565174124544
591990577920512001
591990591191298050
591990619649679360
591990632438169601
591990650364567554
591990654399479808
591990661210968068
591990662431543297
591990672510423040
591990793096671233
591990798415175681
591990831784984577
591990838806220801
591990855554113538
591990862248181761
591990867008856064
591990868841664513
591990881344835584
591990896498872320
591990903486615553
591990944783826945
591991077797818368
591991110530105344
591991129341440000
591991131279331328
591991146957524992
591991149490900993
591991226867421184
591991227098202113
591991341896302592
591991367942844416
591991382929068032
591991397495902208
591991405029040129
591991408271077377
591991467591086080
591991481537146881
591991611543851009
591991612667858944
591991620930637824
591991654464131073
591991672755499008
591991738870333440
591991826342551552
591991829526028289
591991870005215232
591991892302307328
591991898673389568
591991909951877120
591991923059126274
591991941505503233
591992062792335360
591992092135591937
591992097080745984
591992155931070464
591992187673387008
591992197999894529
591992366946332673
591992371635687425
591992371811721217
591992434013306880
591992592419528705
591992628738002945
591992682144145408
591992683494682624
591992697767890946
591992737429385216
591992855859625985
591992872250937344
591992882464161792
591992901346832384
591992901573283840
591992908552757248
591992945060007937
591992951259074560
591992956615270400
591992967453368322
591993001125105665
591993089285173249
591993097220804609
591993158541520896
591993170277335040
591993170931666944
591993190657298432
591993372044177408
591993396471828481
591993404998844416
591993440839159808
591993624969093120
591993627166904321
591993669932093440
591993693764091904
591993699896139776
591993716094705664
591993718351241216
591993870218448896
591993894855778304
591993977001345024
591994122107363328
591994133704613891
591994212142358528
591994214725988353
591994218991595520
591994234468708352
591994244279107584
591994260376801282
591994374046769152
591994428333629442
591994451050045440
591994467789479936
591994507920416769
591994508780412929
591994513213628416
591994527201656832
591994666750451712
591994683011702785
591994720001335297
591994720957571072
591994721058324484
591994725416185856
591994739706073088
591994748233199616
591994757305507842
591994869830156288
591994903279767553
591994969801379841
591994981348315136
591994991972519936
591995151221854208
591995222281752576
591995235225497600
591995272307179520
591995276858036224
591995280138117120
591995281169747968
591995311804973056
591995323649654784
591995331002421248
591995337579069440
591995340934488065
591995676839444480
591995700826648577
591995717448634368
591995720120541185
591995731650613248
591995761132478465
591995773010649088
591995900525961217
591995907073134594
591995934113865728
591995973745963008
591995985284431872
591995986764963841
591995998496423937
591995999255666688
591996031153217538
591996033900490752
591996040053526528
591996161738678272
591996169309409281
591996171763064832
591996229724176384
591996265065414657
591996266323685376
591996286842220544
591996302717648896
591996312733618176
591996320325439488
591996323789938688
591996334560903169
591996337786384384
591996345134776320
591996358287970306
591996668473544704
591996671287930880
591996685074595840
591996721825058816
591996738258382848
591996748299571200
591996749792858112
591996779043786752
591996805103030272
591996916587581440
591996920194867200
591996938444148736
591996962926264320
591996989551804416
591997017129226242
591997019096358912
591997029292707840
591997049114988544
591997063195299841
591997175782969344
591997184779886592
591997191113216002
591997207903010816
591997214169243648
591997227402309632
591997253901889536
591997286114197504
591997287351488512
591997292812480513
591997451239841792
591997464435003392
591997476145606657
591997493321310209
591997539764711425
591997548119740416
591997693813219328
591997735185682432
591998215668551681
591998223817932801
591998240217640961
591998283876151296
591998295515406336
591998306705780736
591998318630187009
591998320777756673
591998346954350595
591998511471693824
591998522687397888
591998524130103297
591998542366920704
591998558338846720
591998747514572800
591998750077288449
591998764791025664
591998800102694912
591998800216002560
591998803923705856
591998863700987904
591998987458215936
591998987982352384
591998989421056000
591999004486963200
591999081372778496
591999089853665280
591999280350531587
592068066466537473
592068406272098305
592068425217781760
592068626619871232
592068682513166336
592068689056370688
592068720450793473
592069366902038528
592069546204233728
592069589317591040
592069713854734336
592069766770196480
592069817852506112
592069894272847872
592070087584026624
592070108077371392
592070314479194112
592070332476948481
592070445920296960
592071101661851648
592071705809522688
592071714223194112
592071908557881344
592071953906819072
592072670910554112
592072725797167105
592073045323415553
592073188508467201
592073647415762944
592074033958649856
592074373705703424
592074937214468097
592074943963078656
592075030093287424
592075414547275776
592075502715871234
592075608043171840
592075657376477187
592075973513879552
592075988055543810
592076646154309633
592076752152694784
592076967878483968
592077127966658561
592077180651331584
592077473329745920
592077513075007488
592077707959259136
592078141104893953
592078431552077825
592079127902990336
592079670381686785
592080800700506113
