592590878599979008
592591054819459073
592591760183832576
592592253811445760
592592356651585537
592592502676262912
592592513812156416
592592654715740160
592593027098681345
592593188675670016
592593341071503360
592593525981716480
592593642092507136
592593961350537216
592594045873979392
592594118351712256
592594128984150018
592594462750027776
592594480458522624
592594701548527616
592594743806169088
592594759320993792
592594891789598721
592594943794761728
592595101689450496
592595115660611584
592595186464600064
592595372855402496
592595539478228994
592595703966248960
592596402049576960
592596507976568833
592597033619357696
592597037486448641
592597220790128640
592597674848686080
592597802355687424
592597818197422080
592597939920318464
592597974334590976
592598189615677442
592598546123075584
592598563772727298
592598591945879552
592598842333212672
592599391959003136
592599551111999488
592599788245225472
592599824907653120
592599915877961728
592600131611963392
592600227929985024
592600237589561344
592600342237319168
592600344024260608
592600348914745344
592600947710300161
592601059824050176
592601085325488128
592601338518773760
592601479891984385
592601560711958528
592601579984916480
592602232069169152
592602602707111936
592602866516295681
592603129897582592
592603494948810752
592603547893682176
592603633977528321
592603864114843648
592603916690399232
592604109640998912
592604120139325440
592604156130676736
592604170961686529
592604587619581953
592604630347026432
592604718397919234
592604743559700480
592604779404136448
592604792846983168
592604828217384960
592605143721385984
592605228379209728
592605349825290240
592605430733373440
592605436144029697
592606201000501249
592606270097494017
592606389551427584
592606626487488512
592606915672182784
592607103824498688
592607113333047298
592607421010411520
592607436692975616
592607500899221505
592607503113936896
592607556008194049
592607697435930625
592607700439199744
592607700409819136
592607861299146753
592608007667613696
592608013044752385
592608335679004672
592608384609812481
592608521306251264
592608738965618688
592608915201884160
592608994096644096
592609126833909760
592609181321990144
592609185474355201
592609405675315200
592609730045980672
592609777928302592
592609844743544833
592610108389089280
592610394042015745
592610497964290048
592610663836581889
592611015935787009
592611228565934080
592611252209344512
592611260400685058
592611347763961856
592611349995331584
592611487799095297
592611570582048768
592611584335286272
592611616174252032
592611648407343104
592611677121699840
592611857707311104
592611936765804544
592612230346113024
592612339372855296
592612511007920129
592612580037959680
592612592192860161
592612655581528064
592612679279251457
592612698686296065
592612830081208320
592612903783530496
592613256923127809
592613516290301952
592613576860401664
592613690744143872
592613903181316096
592614511137329152
592614732269559808
592614829740855296
592615040123011072
592615167957069824
592615885908631552
592616358480891904
592616684864811008
592616972367495168
592617044140396545
592617410257035264
592617665157464066
592617712473534464
592617859064430592
592618193702621184
592618297482354690
592618357154779136
592618438209613824
592618587443109888
592618608217313280
592618760680275968
592618996513579008
592618996500955136
592619115098963968
592619137681076224
592619205461024769
592619240575795200
592619302974464000
592619459405225984
592619654243225601
592619723298332672
592619855553134592
592619915108048896
592620002290769920
592620150559514624
592620166359289856
592620206976933889
592620493305421824
592620724554182656
592620767507914752
592620786126577668
592620899150462977
592621117312995328
592621215589609472
592621424390504448
592621508129857536
592621572088696833
592621796177784832
592621850334613504
592621854868807680
592622070682517504
592622121228083200
592622275276316672
592622465517428736
592622812486963200
592622871366635520
592623032608370688
592623145334362112
592623270425268224
592623404940820481
592623507831279616
592623566534811648
592624064478470144
592624231017353216
592624353566597120
592624489000620032
592624515231809536
592624747852079104
592625223578492928
592625261012602882
592625347574665217
592625491485523968
592625603850842113
592625930465513472
592626084329328641
592626628485722112
592626790922850304
592627047920435200
592627711706734592
592627789712531456
592628437375791104
592628488647016448
592628659451600896
592628737390284800
592628946635632640
592628953636012032
592629510803161089
592629681867739136
592629868413714433
592630086982995969
592630144277323776
592630260241424385
592630300821315584
592630315438321664
592630534964051970
592631058903871488
592631500798988288
592631605094584323
592631749114400768
592631758736109568
592631997962424320
592632025833693184
592632105131081729
592632612406996993
592633257797226496
592633308736946176
592633650677690368
592633780508164096
592633900553277442
592634059555143681
592634221174198272
592634916661174272
592635338608148480
592635694553530368
592635696478752769
592635696629710850
592635899076157440
592636318577922048
592636756698275841
592636771478810626
592637041881587712
592637252452405249
592637482178588672
592637544937881600
592637812383571968
592637874954051584
592638053040132097
592638191787712512
592638316123590657
592638621561131008
592638679597916160
592639342205542402
592639378557640704
592639560724717568
592639729255845888
592640173898211328
592640234103435264
592640318316523520
592640802171527168
592640944828067841
592641067410923520
592641162264973312
592641297967489024
592641451143655424
592641641397137409
592641653740941312
592641814684835840
592642349215383552
592642447542456321
592642502861135873
592642651666579456
592642684273188864
592642892851609600
592643734862471168
592643743607586816
592643762737778688
592643887497285632
592644067957284864
592644130821517312
592644154850713600
592644267287433218
592644448846225408
592644827356995585
592644998396522496
592645233017430016
592645285937033216
592645339938758656
592645391126011904
592645594897780736
592645609187909632
592645848426741760
592646205500485632
592646362589691905
592646877503356928
592647067865993217
592647289212116994
592647325497065472
592647615918931968
592647644100620289
592647791186436096
592647956408496128
592648130572787712
592648405370806272
592648406310330368
592648725606043648
592648748368551937
592648869399425024
592648927326949377
592649112165711873
592649126912790528
592649332840599553
592649351714988032
592649660440842240
592649891131699200
592649900002684928
592649983020519424
592650199966699520
592650254995980288
592650301766815745
592651423214501888
592652103199367168
592652501322747904
592652619425796096
592652621279842304
592652741652160512
592652750514737152
592653139599335424
592653613857689600
592654464793911296
592654806457720832
592655141960085505
592655309686087680
592655481019244544
592655708472156162
592655778458238977
592655842232692736
592655981433225218
592656363286855682
592656375219658752
592657190869192705
592657473380704258
592657706638512129
592658014190043136
592658524599152640
592659041123438592
592659061897854976
592659173202075648
592663557076049922
592663583793741828
592663640156872705
592663923918249986
592664733465063424
592664742814187520
592664763232030722
592664881226199040
592665142745235458
592665447029407745
592665580387377153
592665638767874048
592666031539249154
592666525938638849
592666666800119808
592666922535276547
592667125149519873
592667386291068928
592669108564529153
592669556914655232
592669690805256194
592669902655332353
592670128476692483
592670325751554048
592670549890990081
592670797178785793
592670829818806272
592670883245875200
592671046605664257
592671349681840129
592671676619427841
592671701139329024
592671726628122625
592671789890838528
592672077855006720
592672212873773057
592672729993768961
592672881647210496
592673792482267136
592674093733978113
592674211644211201
592679996591837184
592680269087375361
592680608356241409
592680775973216257
592681076184735744
592681176369856512
592681228748365824
592681332863574017
592681853032767489
592682139226873858
592682302469201921
592682507344154625
592682747094765570
592683174200791041
592683186733322242
592683207243468803
592683420481880065
592683569333608449
592683627844108288
592683751785783296
592683813249130496
592683840428240897
592683980291481601
592684467468238849
592684528583495682
592684618631008257
592685089613598722
592685968303517699
592686801296424961
592687571681071105
592687630090903552
592688097969774592
592688986688233472
592689218092150784
592689651871256578
592689668178595840
592689882323165184
592690111894167554
592690265476968448
592690351430901761
592690407835869186
592690409140281344
592691452897034243
592691565790892035
592691610250571776
592691632077721601
592691820490059778
592691908025126913
592692046051311617
592692545903263747
592692566610550785
592692947155554304
592693091003432960
592693739568631811
592693859861307392
592693904677412865
592694356999577600
592694431070978048
592694535001608192
592694671509434368
592694684851503105
592694728359026690
592694741386551298
592694774148235264
592694782121668608
592694794612178944
592694803420315649
592694808407314432
592694810961702912
592694824848990209
592694827692752898
592694858155982851
592694859041021952
592694881786683393
592694882285854721
592694888136839168
592694904108748802
592694904352075776
592694918637690880
592694926980325376
592694930843262978
592694942285352961
592694973407088641
592695022396530688
592695024913162240
592695029061316608
592695051932827648
592695065551773697
592695087928385536
592695105523417088
592695117967921152
592695157977260032
592695171533373440
592695175748653056
592695191007535104
592695190898528256
592695194950234113
592695257885642752
592695258644914176
592695262742720512
592695292887232516
592695301074493441
592695310809456640
592695312348749825
592695327049715712
592695329352503299
592695331252375552
592695331755847680
592695371513606144
592695374151864320
592695379130449921
592695393877630978
592695407114854403
592695430313545729
592695452434333698
592695480527810561
592695482989809664
592695540485365763
592695547628228608
592695569518305280
592695584840093697
592695591530012672
592695616301596674
592695669854498816
592695699369758720
592695701605343233
592695708215554048
592695708555304960
592695711575187458
592695712044965888
592695722564268034
592695785898278912
592695790964989953
592695792659476481
592695796727971840
592695796895752195
592695797566873600
592695801610121219
592695803862511616
592695815673622528
592696279655915521
592696583730438144
592696588319006723
592696597147996161
592696610557136898
592696613002452993
592696625245597696
592696627476963328
592696638545797121
592696654756749312
592696734805073920
592696736860233728
592696742547738624
592696745336905728
592696747555758083
592696761862467584
592696789905580032
592696815700566019
592696863322673153
592696874567606274
592696875817562114
592696881031032834
592696906087800834
592696910663852034
592696924655988736
592696928493817856
592696929127112704
592696933598294016
592696936018358276
592696939310899201
592696973515423745
592696973729386496
592696977227436033
592696987922890752
592697009842298880
592697071641239553
592697081741049856
592697092948238337
592697094399492097
592697124413906946
592697136820682754
592697145997848576
592697184354701312
592697187534041088
592697194072952833
592697204361580544
592697204885757952
592697211575742464
592697217850482688
592700001895190528
592700009960865793
592700010988490753
592700013693796354
592700028151603201
592700029208526848
592700046627491842
592700055888465920
592700090927677440
592700122464649216
592700127510401024
592700132589723649
592700137786494979
592700140986769408
592700152026144770
592700154291032064
592700177829535744
592700223073480705
592700224793083905
592700231676010497
592700242228813825
592700262537666563
592700298587729920
592700300865249280
592700363335172096
592700366178885633
592700371425976321
592700392699523072
592700397925597185
592700398374408194
592700399938842624
592700403579518976
592700412265914368
592700418720931840
592700419421446145
592700424785899522
592700437570199552
592700445480583169
592700488983912449
592700495610916865
592700507384348672
592700510727176194
592700519287750658
592700520969719809
592700545795784706
592700621171613697
592700622534750208
592700682454638592
592700687965954048
592700729174917120
592700730907176960
592700738649911297
592700752663072768
592700764742676482
592700764981690368
592700782165807105
592700785286316032
592700789925249024
592700790436995073
592700903049793538
592700939607351297
592701060298514432
592701070708764672
592701076366893056
592701076895363075
592701105282392064
592701122982318080
592701132117520384
592701134780915712
592701140539723776
592701148500471810
592701150954131457
592701176610709504
592701195623469056
592701230142660610
592701230608216065
592701242364796929
592701285226455041
592701286543466496
592701433637658624
592701488289468417
592701497324019714
592701497676328960
592701509126742019
592701520598151168
592701525845221378
592701626760175616
592701670309625857
592701699720089600
592701714119143424
592701725498318849
592701742732673025
592701752530591744
592701776933081088
592701827654807553
592701835703676929
592701872663896065
592701876090576899
592701914543951873
592701930515898369
592701936354332672
592701967815864320
592701969296424960
592701989768814592
592702011046506496
592702018629828608
592702020953448448
592702022589272064
592702040691843072
592702042201858048
592702042608693248
592702061130719233
592702090608271360
592702119368630272
592702129917325314
592702176604061696
592702189962952704
592702241896804353
592702257612910592
592702294711508994
592702309999747075
592702419399798786
592702443097579520
592702445366734851
592702464014553090
592702607032000515
592702612719403009
592702654620561410
592702657250328577
592702657661431809
592702668717608961
592702721196740608
592702732651405314
592702739618131968
592702742881243136
592702746958143490
592702764125413378
592702776918089729
592702821352546305
592702823827124226
592702837370527745
592702839425736704
592702870249668609
592702882115428352
592702905335046146
592702917540478976
592702929573957632
592702932044390400
592702943301873664
592702950834855937
592702961916190720
592702972418752512
592703016169578496
592703026319732736
592703033559089152
592703042518155265
592703053435908096
592703054664867841
592703081382604800
592703084515741696
592703084624764929
592703086176686080
592703106569400320
592703108645552129
592703109748498432
592703140312522752
592703144498483200
592703187225743360
592703202023333889
592703210722320386
592703217135427584
592703236454424577
592703240124366850
592703245308588032
592703247623790592
592703299893231616
592703310911688710
592703318859853825
592703338006863872
592703381854154752
592703399541534721
592703416507473920
592703421922279425
592703425365843968
592703455170535424
592703457934606336
592703469703864320
592703479258415105
592703494722867201
592703524808589312
592703532681265154
592703561361956866
592703564696428547
592703564956438529
592703580936757248
592703585231732736
592703592726925312
592703606475923457
592703608610754560
592703620275118080
592703621218869248
592703625618653187
592703648364437505
592703655062675458
592703656274821121
592703663069646848
592703665586188289
592703669340078080
592703678819258372
592703691309867008
592703716056309760
592703718619009024
592703728525963264
592703776919855104
592703798444961794
592703802416967683
592703802844798976
592703805139070977
592703809194954752
592703823615021056
592703845056249857
592703848633999364
592703854480875520
592703864849178626
592703878925258754
592703881999753219
592703882083618816
592703883845206018
592703885187375104
592703900723064833
592703903189307392
592703925343657985
592703927319175169
592703941227499521
592703960470913025
592703979215290369
592704008193765376
592704011696021506
592704012224471040
592704037457362944
592704043568525313
592704050862366720
592704052351344640
592704054192709633
592704056201732096
592704060937089024
592704067358588928
592704084924334080
592704088959234049
592704090074914817
592704094348963842
592704207066701825
592704967628234752
592705217164124162
592705241889579011
592705439906844672
592705488636219392
592706401857892352
592706870894305281
592707119536832515
592707915628314624
592707999011086339
592708047375564800
592708196860448768
592708522594406403
592708580178006020
592708648167669765
592709063319887873
592709073872781313
592709277078429696
592709434046029827
592709440299737090
592709492434939904
592709496935424000
592709643161440256
592709645757751296
592709766163595264
592709786464067584
592709812468744198
592709924431462400
592710253676011523
592710279185694722
592720515443380226
592731381635112960
592731901863010304
592731958410616832
592732079491850240
592732091063902208
592732182868787200
592732274510188544
592732346954166272
592732521944743938
592732724613492737
592732944709591042
592733121277259777
592735226515816449
592735275681460225
592735391763058688
592735397165309953
592736186755592192
592736347036786691
592737005701828609
592737070927519744
592737322933821441
592737915492511744
592738460756287491
592739218700574720
592739254721208320
592739442651172864
592740132006064128
592740197642690561
592740667698368514
592741017834631169
592741345980219392
592741416796889088
592741674679406593
592742045346856960
592742125776809985
592742201257492480
592742352579604480
592742587204767744
592743024079286272
592743371137032193
592743386181988354
592743515047731201
592744068163215362
592744109707755522
592744289651847168
592744310937911296
592744407042027520
592744504232439809
592744553733566464
592744689155080195
592744718439739393
592744855304085504
592744857975836674
592744988825526272
592745141582077952
592745290089783297
592745438069039104
592745764905951232
592745798187786241
592746028299870208
592746407083278337
592746624125956096
592747198833647616
592747315351461888
592747746102288384
592748156217106433
592748496790429696
592748924592611330
592748924747829248
592748942691041281
592749232387416067
592749397055799297
592749526143922179
592750473003819008
592750638884335616
592750830111039491
592752110032269312
592752223748288512
592752643077967874
592753516113956864
592753665791918082
592754252474413058
592754326780674048
592754550676824064
592754756260601856
592755525961555968
592755964534771712
592757844522438656
592758002861613056
592758026878222337
592758082083692547
592758145543450624
592758322505342976
592758988925759488
592759006533459969
592759371630845955
592759974482321408
592760272542167040
592760455975800832
592762392502755328
592763796135026689
592764208892268547
592764784820559872
592765361759617024
592766577197641729
592767069499871233
592767475886006273
592767812336234498
592767848394694656
592769234314330116
592770388788170752
592770438071214081
592772632031961088
592772650273021953
592772932197285888
592773761675481088
592775064937967617
592775202767052800
592775517377601536
592776388337344513
592776848821624833
592776984247275521
592777041944170496
592778143045427200
592778188268384256
592778896707293184
592779095051730944
592780132991016960
592780428521697282
592780659137064960
592781033499688960
592781036834152449
592781149090541568
592781185102848002
592781710602952706
592781917612810240
592782105781870593
592782354571259905
592782477929881600
592782771656982528
592783315511472128
592783362005278720
592783464149159937
592783667971391490
592783889879408640
592783895243919362
592784038076776449
592784104241893376
592784430684622850
592784486628204544
592784486607298562
592784486691172353
592784554064240641
592784567863488512
592784584749748224
592784602999169024
592784694887985152
592785079891578880
592785250218049536
592785495291211776
592785539578863618
592785860610883584
592786022737534978
592786431862505472
592786586527518722
592786735223943169
592787051428319232
592787063570825217
592787107074199552
592787165895069696
592787321130455040
592787394165907456
592788713891049472
592788839929933825
592788973195505664
592789125465518080
592789517586825216
592790146132660225
592790147751682049
592790267805224963
592790537159213058
592790816285958145
592790951933911040
592791015028850692
592791875251212289
592792303565185025
592792618561622016
592793027846000643
592793547474075648
592794242029887489
592794649166802944
592794773905367041
592795965351923713
592796055911149568
592796183183097857
592796272236621824
592797187140091904
592797406464454657
592797762846072832
592797844798644224
592797960431349761
592798078081597440
592798769105739777
592799150862893057
592799334686728192
592799430979485696
592799910606569472
592800105922699265
592800107390771200
592800684644368384
592801468647866370
592802617337733121
592802951934119936
592803462116704258
592803942054162433
592803954473467904
592805327323684864
592805767637499905
592805938878361600
592805972583849986
592806175189635072
592806764447432704
592807358071447555
592807435313745921
592807882346897409
592807990459240448
592809032391467008
592809900620808192
592810391178256386
592812068077752320
592812499260579840
592814368364077057
592814472764469249
592818273252671489
592818360829747203
592818383227330562
592818514211254272
592819093696294912
