591914229885640704
591914237972254720
591914343710593024
591915027260542977
591915118297911298
591915246547111936
591916152441307136
591916519115730944
591919543619956736
591919636557369345
591919738395070464
591919807596990464
591919921103175680
591919997141680128
591920146358218752
591920304739364864
591920313836810240
591920453179944960
591920487602618369
591920496335319041
591920692259459072
591920809033093120
591921252744318976
591921644551077888
591921935153373184
591922051427880962
591922166364446721
591922443679342592
591922444308328448
591922482459742208
591922718930378752
591922936824619008
591922951693463552
591923058048311296
591923315926704129
591923440954675201
591923489503752193
591923527474749440
591923603123277824
591923820941873153
591923971395756034
591924267169677312
591924356025946112
591924525324894208
591924566538125313
591925202553995264
591925454304448512
591925460646252544
591925479495446528
591925492774805504
591925521966964736
591925541357232128
591925553675915264
591925580938907648
591925614505897984
591925715169337344
591925727437565952
591925736182784000
591925776032870400
591925794500284416
591925816960811009
591925821192843264
591925826376962048
591925842625712128
591925853300264960
591925956920541184
591925981633335300
591926003783503874
591926051506270208
591926052726804480
591926056736595969
591926068929396736
591926084473520129
591926087946407936
591926110419427329
591926228161925120
591926265566867456
591926307170029568
591926330171596800
591926517220773888
591926520978903040
591926586594578432
591926724947877888
591926741062406144
591926743692218368
591926806774620161
591926826831720448
591926995480522752
591927000081661952
591927033761927168
591927066326478848
591927237416357889
591927331289075714
591927517147103232
591927569643139074
591927572910383104
591927625733378048
591927742427430912
591927785230184448
591927796370313216
591927884312420352
591927905359278080
591928003837317120
591928023835803648
591928048670281728
591928062222192642
591928065472606208
591928081318711297
591928102365831169
591928121177214978
591928125459603456
591928159387320321
591928288806703106
591928293663776769
591928318020046849
591928330691063808
591928344024866816
591928418683330560
591928428661579776
591928513298477056
591928515936681985
591928571175837696
591928592268808193
591928673046892546
591928748288581632
591928794434306048
591928836457005057
591928877947035648
591928886658666497
591928896561491968
591928910985633793
591928919067987968
591928927980945408
591929063029149696
591929065533087744
591929090304651264
591929140208533508
591929270907207682
591929271372812289
591929288565202944
591929376083574784
591929506882949120
591929524884938752
591929581478653952
591929655906541568
591929665758973952
591929683714813952
591929777281323008
591929786928214016
591929786840133632
591929793307803648
591929862673170433
591929897896972288
591929916398051328
591929927621955585
591930022375530496
591930037441429504
591930039140155393
591930047516135424
591930074850406400
591930114520133633
591930165933903872
591930168119205888
591930178500042752
591930293453508609
591930307260981248
591930347891240960
591930402949836800
591930408415047681
591930521296314368
591930532558082048
591930555538747392
591930579869900801
591930592301809664
591930630868324352
591930632718012416
591930649524760578
591930771696324609
591930797394825217
591930810862698496
591930819310067713
591930840398999552
591930856752619520
591930925627232256
591930927300808704
591931016001900544
591931081663848448
591931104715673600
591931122256252928
591931138375057408
591931199439773696
591931440176242688
591931531469262848
591931542361870336
591931609726595073
591931618748575744
591931707986726913
591931794322128896
591931802027044866
591931806179401729
591931839461265409
591931904028377088
591931955601506304
591931957472137216
591931972718497793
591932025356951552
591932093715730432
591932149856604160
591932152117231616
591932182492356608
591932192349007873
591932193267527680
591932297697308672
591932305754562560
591932454274990080
591932457215086592
591932568074752000
591932579994996737
591932608440700932
591932656142655488
591932667869982720
591932816675373056
591932847650316288
591932855573352450
591933071458336768
591933078517338112
591933081709219840
591933134293315584
591933153192771585
591933196209557505
591933199283949570
591933201376903168
591933282003996672
591933282209562624
591933294284918786
591933306549047299
591933374949822464
591933375419535361
591933421460422656
591933438501859329
591933451961442304
591933453601345537
591933537302941698
591933548191469568
591933607695945728
591933618676637697
591933713082003457
591933797521707009
591933797802725376
591933899485253632
591933923715784704
591933934260224000
591933946503376896
591934048894783488
591934053189718016
591934055211356160
591934069539147776
591934081413165056
591934119925284864
591934133820985344
591934141727309824
591934154238922752
591934178574213120
591934181623472128
591934183762591744
591934191270400000
591934191807270912
591934199621230592
591934212246151168
591934294928584704
591934303891685376
591934326985641984
591934422485602304
591934456094597120
591934561145094144
591934566492807168
591934600101949440
591934609778024449
591934614979022848
591934620951674880
591934623652843521
591934628828549120
591934633601708032
591934638169264129
591934643470872576
591934648340451328
591934652991967232
591934656880054272
591934661904834560
591934666107523072
591934698533826560
591934825046507522
591934835599482880
591934912355270656
591934923709095936
591935088599834624
591935208535928832
591935216412798976
591935219126534144
591935219856330752
591935302769315840
591935304338055168
591935305894080512
591935306611331072
591935307332784128
591935308754587648
591935310231048192
591935312768606209
591935314387566592
591935315998183425
591935316321181697
591935316237242368
591935317537476608
591935318820978688
591935329549963264
591935334817996800
591935353440710656
591935370582892544
591935377415352320
591935377839038464
591935379869016064
591935380980535297
591935383023190017
591935415843598340
591935437020778496
591935464636047360
591935554196869120
591935662179254273
591935673608744960
591935675366187009
591935677035466752
591935720748490752
591935822540120064
591935839778668545
591935936088276992
591935947882672128
591935953029169152
591936041453428736
591936050198515713
591936179844452352
591936192175734784
591936211515650048
591936213499641856
591936334580699136
591936347448836096
591936386103541761
591936473466712064
591936690547097600
591936726295281664
591936735531020288
591936851461607424
591936885838098432
591936931694514176
591936955698565120
591936984324575232
591936990339145728
591937008622145536
591937009343594496
591937018382258176
591937082244882432
591937098334109696
591937167045357569
591937168962134016
591937174360035328
591937197345001474
591937341993852928
591937361858076672
591937380652822528
591937384284954624
591937410511962112
591937583153868800
591937591378739201
591937636572397569
591937639848103936
591937649906069504
591937709515542530
591937714989109248
591937865208242176
591938101334777856
591938177146834944
591938177633386496
591938220482433024
591938289172623361
591938311280721920
591938311721091073
591938342712791042
591938351202086912
591938361570369537
591938370722353155
591938405279215616
591938407518969858
591938485755334656
591938522782703618
591938530634403840
591938534270894080
591938535881506817
591938540348383232
591938544681111552
591938548871208961
591938550448291840
591938553027825664
591938557423390720
591938561751945217
591938566143365120
591938566688624643
591938566441148416
591938566411788288
591938566575390721
591938566650929152
591938566764175360
591938567271616513
591938566986403840
591938567489728512
591938567317782528
591938567443623937
591938567670145024
591938567716278272
591938567842111488
591938567816884224
591938568123064320
591938568026591232
591938568613797888
591938568622182400
591938568697745408
591938569108783104
591938569096142850
591938569452662784
591938582761197569
591938583864410112
591938598028488704
591938648712482816
591938811589992449
591938853205897216
591938862747881472
591939042486276096
591939069350817792
591939147515854848
591939149218754560
591939285017702401
591939294899601408
591939319360671745
591939394342297600
591939406522490880
591939414034501632
591939425568825345
591939713667178496
591939714824871937
591939828398194688
591939830075949056
591939841656561664
591939861617082369
591939873784737792
591939896232685568
591939973424656384
591939981213437952
591940087010566144
591940109412368386
591940112994406400
591940158959685633
591940163204329472
591940171320266752
591940201729036288
591940419056836608
591940445501919233
591940477441552384
591940491953897472
591940544013570048
591940786448572418
591940823098339329
591940885463506944
591940895634665473
591940949426601985
591940956758249473
591940983241187328
591941006028738560
591941052585541632
591941058281353217
591941113235116034
591941136047939584
591941143299956736
591941148807077889
591941151495561217
591941162207989760
591941205086220288
591941326628749315
591941327413182464
591941340792946688
591941349345079296
591941356227932160
591941359268823040
591941362984947712
591941378583752705
591941430987231232
591941443939241985
591941459818913795
591941551611187200
591941576256983040
591941596549025792
591941666749054976
591941675653533696
591941685002641410
591941727348400128
591941828313657345
591941899532906496
591941903764983808
591941903886626817
591941905878913024
591941906671636481
591941920173084672
591941933636952064
591941962892083200
591942088817713154
591942113614376960
591942128038608896
591942129607282688
591942170199764995
591942171973976065
591942172175306752
591942183306924032
591942312739020801
591942319240151040
591942409715453952
591942425158946817
591942452866461698
591942564074291200
591942568465698817
591942576933982209
591942589776990208
591942592046059520
591942611612536832
591942612531040256
591942714284974080
591942731527663617
591942811966054400
591942812502921216
591942818681126912
591942825123586050
591942854261387266
591942854735319040
591942862465470465
591942924285313024
591942996997771265
591943007420579841
591943067663478784
591943077754834944
591943081328443394
591943086839767040
591943102153117698
591943108494921729
591943137729323010
591943135854366720
591943140405215232
591943157190758400
591943177566748673
591943199750393857
591943251256418304
591943322819690496
591943330474364928
591943331447439360
591943369267355648
591943370638893057
591943375487565824
591943417237639168
591943431523422208
591943455040897025
591943483193044992
591943568903647232
591943579724943361
591943614583869441
591943643939770369
591943647991451648
591943656841416704
591943708221657089
591943717323309057
591943877461872640
591943889453387776
591943902224982018
591943931652276224
591943950530818048
591943961528270848
591944108903510016
591944133511487488
591944146761289728
591944156299145216
591944322506862593
591944347152683008
591944376609157120
591944402454638593
591944411845500928
591944418397007872
591944424914980864
591944426643030016
591944464450490368
591944629206941697
591944641093632000
591944719401259008
591944727072641024
591944824166592513
591944843112255489
591944860896137217
591944946262757379
591945100462133248
591945136952717312
591945138575790080
591945150420520962
591945174067978240
591945271954644992
591945341630451712
591945357786906624
591945400799526913
591945484501012480
591945518005157889
591945522421731330
591945579384541187
591945582685593600
591945624213303296
591945628160102402
591945678357536768
591945715581988865
591945751195844608
591945754152808448
591945886034341889
591945887930195969
591945923036516352
591945929877422080
591946049511563264
591946051826765824
591946140188160000
591946252377464833
591946268210933762
591946434032709634
591946447081246722
591946460645601280
591946603759435776
591946604648669185
591946612462620672
591946613112766464
591946622684172291
591946635057364993
591946635296407552
591946640476348416
591946644196720640
591946887906754561
591946905531379712
591946935633842176
591946954671665153
591946974716305408
591947134288564224
591947193608605697
591947392691380225
591947422927978496
591947531459829761
591947532055416833
591947624640446465
591947630202126336
591947715925291008
591947910545219584
591948017223077888
591948035942436867
591948139155755010
591948190657617921
591948214078550017
591948216280739840
591948222395908096
591948235532410882
591948300493795328
591948367082618881
591948450725376000
591948466915442689
591948487945662465
591948488285388801
591948538612875264
591948644137308160
591948705919422464
591948717709660160
591948731039092736
591948740358897665
591948745807253504
591948978163331072
591949013257031681
591949119830134784
591949162003898369
591949432452702209
591949472168476673
591949487930617856
591949489130332161
591949492087304193
591949517580144641
591949678108807168
591949686233108480
591949802713194496
591949917045686274
591950404985823233
591950452041781248
591950503333892096
591950629951537152
591950716438073344
591950718103330816
591950754434285568
591950785635692544
591950793302933504
591950967773364224
591950977088954368
591950978686947329
591951143682486272
591951150594719745
591951174745530368
591951295092641792
591951319096631298
591951457076654081
591951498986135554
591951717308108800
591951731484798976
591951740120928256
591951781552267265
591951802557341696
591951959277445120
591952019503456256
591952458022297600
591952481283780608
591952672049078272
591952678957158400
591952708514381825
591952709919461376
591952733533409280
591952798016741376
591952910348455936
591952918841950208
591952941084344320
591953013691916288
591953059074281472
591953066481553408
591953157246193664
591953189198385152
591953210761289728
591953210786586624
591953221804929024
591953280256737280
591953398146019328
591953411576201217
591953431633399810
591953437287284736
591953487790903297
591953500835196928
591953509068607489
591953538957246467
591953557059866626
591953792104411137
591953816427180032
591953924069806082
591953949948686336
591954288928100352
591954301368557569
591954389272797184
591954451562242048
591954890001293314
591954930346295296
591955002177945601
591955095161475072
591955240817020929
591955248152907777
591955401710538752
591955438943375361
591955528185749505
591955626365833217
591955697878888448
591955714462978048
591955734348304384
591955740551553024
591955945502048256
591955995380723712
591956232782487552
591956255310155777
591956290420678656
591956435656843264
591956436042682368
591956502379765760
591956659896999936
591956718499799040
591956921340469248
591956992073207808
591957144838086656
591957148495548416
591957205164756992
591957221174476802
591957234478809088
591957235166613504
591957235938373632
591957247086895104
591957265231400962
591957267072753664
591957389563179009
591957447658450945
591957511382638593
591957528595959808
591957661010145280
591957711102746624
591957760117329920
591957762868785152
591957888077205504
591957910793506818
591957928262934528
591957933396598787
591957953135030272
591957971153899520
591957971703304192
591957983375990785
591958020185149441
591958022575955969
591958044189286400
591958163319955456
591958243972382721
591958244915941376
591958282903912448
591958428911685633
591958558322733056
591958644150775808
591958645379698688
591958654196305920
591958707983921153
591958705484144640
591958717484048386
591958751592128512
591958791500894208
591958796123045888
591958914498854912
591958921142611968
591958927450902528
591958932496654336
591959002059116544
591959007528558592
591959013819949056
591959015040503808
591959024079273984
591959031243153409
591959163355430912
591959171953598465
591959186919002112
591959188017844225
591959216547495936
591959254988300288
591959256825503744
591959257043456000
591959311879958528
591959325175894016
591959406654263296
591959437943836673
591959465827532800
591959544000950273
591959662536175616
591959685562929152
591959687584690176
591959794770018304
591959798976937985
591960206692655105
591960255388594176
591960339526254592
591960340583198721
591960343154335746
591960389790773249
591960394974953473
591960400729677824
591960412603617280
591960424087597056
591960426109239296
591960436657954816
591960478294773760
591960531457613825
591960533101879296
591960535022706688
591960661640359936
591960670406488065
591960693244448768
591960710168453125
591960723594432512
591960726777896960
591960769442492416
591960782537150464
591960809384841216
591960810550743040
591960813264482304
591960825843228672
591960915483832320
591960923415269377
591960930021310464
591960955531169792
591961034111328257
591961056756371456
591961059809894400
591961063064608769
591961092890501120
591961161177964545
591961224801169408
591961282233765889
591961328278994944
591961330271129600
591961469698318336
591961496428482561
591961556277157889
591961561952026624
591961692143104003
591961754281713664
591961789476155392
591961811399770112
591961835303079936
591961928567652352
591961983638863875
591961987862532096
591962010616664064
591962018904612865
591962050017955840
591962063833960448
591962085912809472
591962199356084225
591962203739271168
591962209615360000
591962217974640640
591962228326203392
591962264330080259
591962277751861249
591962283074408449
591962311113383937
591962323633340417
591962523982647296
591962559193817088
591962615221452800
591962755348832256
591962792439066624
591962808541024256
591962812231979011
591962857194917888
591962972215345152
591962983888130050
591963000925392897
591963011218178048
591963030226767872
591963055157706753
591963097721602048
591963236078985216
591963267725066240
591963358766637056
591963360742154240
591963477775749120
591963543781552128
591963606327001088
591963620629684224
591963822857945088
591963844097871873
591963854193623040
591963875089653761
591963885369856002
591963986179919872
591964085119422464
591964256276471808
591964329269960704
591964489085366272
591964511650717696
591964543623954432
591964644786376704
591964784825741312
591964843717959680
591964879742984192
591964892372062208
591965070126546944
591965077424701440
591965085574287360
591965373722853376
591965520125132800
591965551674556417
591965785800605697
591965831048880128
591965881250353152
591966055326568448
591966100708954112
591966129796448256
591966311283986432
591966365143076864
591966423842484225
591966518335840258
591966525709426689
591966559108599808
591966897140142081
591967003335725056
591967279564333057
591967284626911232
591967299722084353
591967304939753473
591967461802516481
591967473752252416
591967523047747584
591967593155661824
591967607172898818
591967609995726850
591967717302886401
591967728316977152
591967735304687616
591967749556998146
591967752887209985
591967761816915970
591967780678696960
591967785648951296
591967787939008512
591967793571966977
591967799519481857
591967849268187136
591967871682547712
591967986652557312
591968010409213952
591968014196584448
591968015203237890
591968045263769600
591968049709715456
591968061470609408
591968069922095104
591968069712531456
591968072757542912
591968072933617664
591968084778356737
591968093062242304
591968093255020545
591968121038249984
591968232140984320
591968267377483776
591968287216435200
591968292241158144
591968299052732417
591968344275726336
591968354207862784
591968367071789057
591968383777710080
591968387984568320
591968494310137856
591968528875401216
591968533371719680
591968592175894529
591968617421344768
591968625759649792
591968634676711424
591968635066814464
591968636652388352
591968639047208960
591968740863934464
591968774682648577
591968776758919168
591968808073494528
591968813769437185
591968835797811200
591968840868876288
591969002915663872
591969019076288512
591969059987542016
591969091524677632
591969104090640385
591969122101014529
591969246965420032
591969277974081537
591969322953625600
591969348815704065
591969525937012736
591969543041331201
591969540340232192
591969555032969217
591969593645662208
591969599031287809
591969617628782592
591969643310387201
591969751414415360
591969776018161664
591969796859637760
591969798789017600
591969824022003713
591969849351409664
591969862689239042
591969883279196160
591969894276538369
591969899158708226
591969912257581057
591970035318464513
591970070454120448
591970068189171713
591970076200341504
591970089726967809
591970097796755458
591970101433208834
591970101739433985
591970104419586048
591970159696285696
591970303464452096
591970311228104704
591970313686028288
591970320912756736
591970322305409024
591970326164185088
591970330316447744
591970344744787968
591970388105539584
591970403142111232
591970413074370561
591970517604802560
591970522646253568
591970531185807360
591970611485900800
591970662694014976
591970671569149952
591970810765545472
591970830243921920
591970871356588033
591970884937625600
591971021848059904
591971037312458752
591971055108890624
591971094640205826
591971135140401153
591971146968473601
591971163561013248
591971309669613569
591971337675014144
591971361314066432
591971388069646336
591971507196207106
591971615732203520
591971617770708994
591971773123440640
591971777674289155
591971782761979905
591971786138353664
591971789787439104
591971831847882752
591971853641592832
591972015155744768
591972126753710080
591972129958035456
591972130876575744
591972140494114818
591972158940647424
591972160270241794
591972280906878977
591972288741801985
591972553259929600
591972554601959426
591972596620496898
591972620536389632
591972618388918272
591972646134231040
591972655193919489
591972672352858114
591972773058117632
591972782684110853
591972786823827456
591972789046751232
591972804364357633
591972805442310144
591972810412560385
591972818213941248
591972823553314816
591972838313037824
591972841437962240
591972851780964352
591972862040285184
591972863944495104
591972904964726784
591972927395868673
591973038800830466
591973044421197825
591973051497062401
591973075693932544
591973086137692160
591973090617241600
591973091426729984
591973093981073408
591973106341847042
591973107633524736
591973116592652288
591973131482308611
591973148200833024
591973171294707713
591973176399167488
591973179062521858
591973189703479296
591973190051594240
591973300315684864
591973341281419264
591973365000187904
591973383266443265
591973386735079425
591973396361191426
591973400806993920
591973408595841024
591973415168319488
591973431781920769
591973445937692672
591973445820424194
591973450119553024
591973532151590913
591973550724161536
591973563114000384
591973580713414658
591973592688001024
591973619242176513
591973627131596801
591973630579376128
591973631623884800
591973635415388160
591973643237728256
591973645334937600
591973646085656576
591973664293195776
591973682454482945
591973682626502656
591973686401310720
591973790885683201
591973792118767616
591973800322985984
591973818505244672
591973842660118528
591973870493630465
591973888541634560
591973907143335936
591973925489283072
591973931243954176
591973939372498945
591973990488354816
591973997287481344
591973999082516480
591974005554352129
591974006737108994
591974012495867904
591974030917275648
591974032045641729
591974035946217472
591974063683325952
591974267526324225
591974274031751169
591974277642985473
591974280478347264
591974315672801280
591974313739313154
591974345578184704
591974349692903426
591974351198552066
591974368890068992
591974536591101952
591974538314850304
591974542995623936
591974548007825409
591974551434604544
591974559378604032
591974572217470977
591974572112486400
591974600054943744
591974600537309184
591974613267054593
591974616664444928
591974614651154434
591974624604225536
591974628794335232
591974656363466752
591974657567358977
591974663934251008
591974687581712384
591974696737853440
591974704476344321
591974704744828928
591974832817836032
591974842695589888
591974848189968384
591974856029179904
591974878036656128
591974892351922177
591974892561653761
591974895698882561
591974910408282112
591974912992018435
591974932931817472
591974969870983168
591975062728650752
591975065157111808
591975089786093568
591975115643957248
591975117611212800
591975127350312961
591975137227870211
591975153963139072
591975176390086659
591975186519330817
591975194220072961
591975194366906368
591975209042739201
591975313212473345
591975318476328961
591975336339845120
591975345600901120
591975355709165568
591975399250235392
591975406686707712
591975439888814080
591975440861958144
591975445588873216
591975445341470722
591975451725299712
591975473678155777
591975595493330944
591975598068617218
591975631014928384
591975636647813120
591975637998403584
591975645162373120
591975658064113665
591975668289679362
591975668960759808
591975673817792512
591975677856874497
591975708643041280
591975884799639553
591975910695374849
591975926126104580
591975927111778305
591975927946485761
591975937744310272
591975940462260225
591975956035698688
591976000897978370
591976124848017408
591976156678660096
591976178858098689
591976215709229056
591976218603335681
591976230972325891
591976355329286145
591976365076811776
591976371745783809
591976381426208768
591976427701964802
591976461650657280
591976474460098561
591976479472295936
591976677065916416
591976680320700416
591976682292019200
591976707998945285
591976715825459200
591976742815797248
591976834289438720
591976864656195584
591976873778814978
591976924366286848
591976970033967104
591977107565060096
591977188024418304
591977189672767488
591977189823778816
591977191396618240
591977221910171650
591977231427076096
591977241237676032
591977341833773056
591977343658360833
591977345927512064
591977348540530688
591977349601624065
591977351526764545
591977350679687169
591977351560429568
591977352608919553
591977353359798272
591977357990236162
591977359449821187
591977360238358528
591977360741761024
591977360930508801
591977361270276096
591977362620841986
591977362805399552
591977364311113728
591977369499348993
591977372481617920
591977374092238849
591977374251503616
591977375212011520
591977375467868162
591977377087016961
591977377170784257
591977379171532802
591977381914611712
591977383214915584
591977384758247424
591977386163441665
591977385827893249
591977389774675968
591977389506297856
591977390378745856
591977391121010688
591977391255199745
591977391511175169
591977392312188930
591977394170437633
591977395508420608
591977402504470528
591977403355922433
591977406283427840
591977409655640064
591977410091950081
591977413954908160
591977414361657344
591977416781795328
591977418056957952
591977424432340992
591977428467089409
591977434993598464
591977437979783169
591977437807927296
591977438571204609
591977438978121728
591977444044845056
591977446137843712
591977449065488385
591977449392451584
591977450227245057
591977451187736576
591977455805599745
591977456782848000
591977457302941698
591977457273602048
591977463409848320
591977464890531840
591977465775534080
591977471764877312
591977471349760000
591977476299063296
591977477058142210
591977483253239808
591977485195173888
591977487489441793
591977495756406785
591977498700746752
591977499707502592
591977502618288129
591977585397014529
591977588894998528
591977617919610880
591977617978449920
591977619395977216
591977619622600704
591977620155174914
591977629240066048
591977632964673536
591977636001361921
591977637331005440
591977639373611008
591977639386054656
591977640522833920
591977650282868736
591977665084530688
591977665944428544
591977673104175104
591977674911911936
591977681996087296
591977688090411009
591977691294883841
591977698580238337
591977704511115264
591977704699867136
591977708453765120
591977710265737216
591977710890655745
591977715437150208
591977718574686208
591977720374022144
591977727319736320
591977727516811264
591977728074616833
591977730276761600
591977730498895872
591977731560177665
591977740292751361
591977743803375616
591977753370431488
591977753446080513
591977753827749888
591977754234626048
591977757946445824
591977859259957248
591977868307132416
591977870970494978
591977874837626881
591977876137848832
591977884325179392
591977888234262528
591977896505417728
591977900271902720
591977905011425280
591977912552857600
591977913496563712
591977923982295040
591977931007635457
591977935566807041
591977942562967554
591977946094522371
591977953908523008
591977977346453505
591977977782542336
591977980752109568
591977981985366016
591977983016980480
591977985923649536
591977987303583745
591977989706895361
591977993209253889
591977993955897344
591978001950232576
591978003699142656
591978003929890816
591978005179736066
591978008841363456
591978024368742400
591978029171146752
591978084900810752
591978104660336640
591978125963100161
591978126915207168
591978134414761984
591978147530182656
591978157063929856
591978167700684801
591978173258145793
591978174990258177
591978178807201792
591978190672920576
591978193575378944
591978194338750464
591978218200178688
591978222495010816
591978228618780672
591978241344348160
591978247874818048
591978259748814849
591978277314506752
591978346336026625
591978382516064258
591978403533692929
591978410127335425
591978423091916800
591978428540190721
591978428561141760
591978430230495234
591978435158908929
591978454880526336
591978468339884032
591978473222057986
591978474413248512
591978475948351488
591978515777646592
591978517446807552
591978526816866304
591978534966599681
591978536073834496
591978537319591936
591978549411622912
591978549969584128
591978645452922880
591978678395006976
591978682941505538
591978702948405248
591978715330027520
591978715619401729
591978717607399425
591978724855291905
591978735903088640
591978737442418691
591978741800116224
591978748402073601
591978750117482496
591978769226727424
591978773655986177
591978791062343680
591978906283945984
591978909962469376
591978915851173889
591978919856844800
591978926722908160
591978925959585794
591978928585232385
591978929948217344
591978929533091840
591978937732890625
591978941176520704
591978968196247552
591978970255532032
591978981777219585
591978983350087680
591978992980361216
591978996813803520
591979010965405696
591979022021623808
591979041009246209
591979044796801024
591979147527860224
591979148786147328
591979167538884608
591979188263002112
591979205539201025
591979210262052864
591979219460096001
591979224065515521
591979230814019584
591979231518818304
591979243942195200
591979247260061696
591979250393186304
591979288951279616
591979289014177792
591979287487459328
591979295494529024
591979402910703617
591979415015264256
591979415669637123
591979432480350208
591979433927409664
591979434611253249
591979441481490432
591979459357446144
591979470229221377
591979486020825089
591979491079000064
591979503653552129
591979523643559936
591979534078980099
591979534150434816
591979536075464704
591979651913900032
591979678451245057
591979695954075648
591979704267067393
591979718573981696
591979721358843906
591979726429933568
591979738828255232
591979740581462016
591979761146159104
591979778300743680
591979795119939584
591979928838541313
591979931963232257
591979956407697411
591979969993117697
591979979308535808
591979985193279488
591979989106495488
591980029539651584
591980039610109952
591980044202975233
591980098980433920
591980111609634818
591980158610870272
591980166961831936
591980169201496065
591980182921052160
591980188218490880
591980224318873601
591980226390855680
591980228513107968
591980236377468929
591980241079250944
591980258380877826
591980278890926081
591980280505769984
591980291499040768
591980291826143232
591980292778274817
591980361866948609
591980369127165953
591980372826566656
591980381085241344
591980393378680832
591980404300783616
591980406888599553
591980412806819840
591980424043180032
591980426085867522
591980448919654400
591980479152140288
591980480649564160
591980489021345793
591980495979749376
591980508889817089
591980525725818882
591980537214033921
591980539076218880
591980544344227841
591980696165429248
591980698199724032
591980700280066048
591980703010557952
591980714465304577
591980720223977472
591980746673238018
591980755644907520
591980769825857538
591980786250813440
591980788482093056
591980807478124544
591980810095468544
591980920749559809
591980926973808641
591980930937397248
591980933764423681
591980943985942528
591980967453032449
591980972066865152
591980974495244288
591980975627771904
591980981919326208
591980988126793728
591980995227815936
591980995571785729
591981004153233408
591981004157419521
591981011711430657
591981014311837696
591981047832711169
591981058763042817
591981167278186496
591981181232492545
591981215168749569
591981218301747200
591981227864788994
591981256436416513
591981259406053376
591981274262327296
591981277110112259
591981284743872514
591981297695723521
591981305467768834
591981388527632384
591981402046001152
591981407628591104
591981424292409344
591981428050558976
591981429954899969
591981440780410882
591981441673605120
591981442994991104
591981483109195777
591981490323369984
591981496778493952
591981507838758913
591981526344028161
591981637937844224
591981654664609792
591981666958061568
591981671953469440
591981698360811521
591981702802575360
591981710004211712
591981712994799616
591981733861425152
591981736927473664
591981751645286400
591981754010873857
591981763603210242
591981792875393024
591981793462484992
591981792665690113
591981795643559939
591981937125826561
591981947271794688
591981953181622273
591981959619878912
591981971087224833
591981980549525506
591981992985686016
591982013000843264
591982014552768512
591982032428871681
591982036467974146
591982043841499138
591982057561161728
591982064645222400
591982141891694593
591982171742539776
591982179669774336
591982189799084032
591982217263349761
591982231960203264
591982246233395201
591982249572212736
591982250432028672
591982281759195139
591982283718008832
591982290391015424
591982310548971520
591982398142812161
591982415863648256
591982457722929152
591982467684442112
591982469106139136
591982489117143040
591982493747826691
591982499628068866
591982507081469952
591982516770242560
591982518439579648
591982519408439296
591982523753738240
591982528094830593
591982537053839360
591982543546621952
591982545908137984
591982551524249600
591982566745481217
591982566846046209
591982567412277248
591982576438415361
591982582230749184
591982583413657601
591982648395890689
591982665345081344
591982669577097217
591982673993670657
591982673586823168
591982678272016384
591982689319682049
591982693383938049
591982696626139136
591982697821540353
591982697851035648
591982708147945472
591982708764508160
591982716389724160
591982727412338688
591982734249066496
591982734446198784
591982738930049024
591982746018316288
591982749692526593
591982756273397760
591982761839185923
591982764238450689
591982767660871680
591982771469295616
591982774908624896
591982779547553792
591982790637449216
591982793925627904
591982803752849410
591982808261754881
591982808152682496
591982935781302272
591982941120503808
591982941397512192
591982952529072129
591982963090391042
591982966923874305
591982971164340225
591982974343585792
591982976172433408
591982977543868416
591982987488571395
591982991611592704
591982991653543936
591982992660140032
591982994358939648
591983006069305344
591983013778456577
591983017918222336
591983021168807938
591983026080387072
591983030035619841
591983038105423872
591983040840110080
591983042152910848
591983043092434945
591983053188173825
591983060704329729
591983061924872193
591983062554124288
591983067037765634
591983073744400384
591983078052102145
591983078303662081
591983084242804737
591983085559787520
591983087141187585
591983098499182592
591983106510327808
591983108200767488
591983110402748416
591983110939541505
591983117671354370
591983188043440131
591983195828039682
591983201007996928
591983203642003457
591983205114187778
591983212097744896
591983217055412224
591983223598555137
591983226144444416
591983226257735681
591983231295098883
591983236479209472
591983236982575105
591983240778362882
591983245157216257
591983253579501568
591983258805542914
591983260764274688
591983260705492994
591983267181531137
591983269387853824
591983283518328834
591983288681517057
591983292871671809
591983300698189825
591983304523456512
591983308470255617
591983309770502144
591983312278683648
591983312433844224
591983319761362945
591983327151689728
591983330406502401
591983330976903168
591983332805730304
591983333589946368
591983453232476161
591983457829425152
591983461331652608
591983471444111360
591983485054685185
591983505078231040
591983507485884417
591983521188737024
591983524632199169
591983548879351808
591983561235963904
591983585806135297
591983598309416962
591983601106817025
591983616676261889
591983691242549248
591983691775213568
591983699450822659
591983702026145792
591983704982953986
591983727858864128
591983741087698944
591983765750153217
591983770602905600
591983778555301888
591983807537917952
591983836092866561
591983841079754752
591983837338533888
591983851251113984
591983864303722498
591983954804236289
591983955966095360
591983980775231489
591983982033567745
591983991340826624
591983997015760896
591984002409496576
591984008243773441
591984011729367040
591984013880995841
591984018180169729
591984025096552449
591984046076342272
591984073654050816
591984074635354112
591984087620943872
591984089235853313
591984097561567233
591984212703453184
591984214809055232
591984237940580352
591984254273335296
591984269318225921
591984275546734593
591984296958631936
591984302344114176
591984316294402048
591984336615923714
591984346044608512
591984457709551616
591984460482093056
591984478668488704
591984479150993409
591984498746662913
591984511358873600
591984514366312448
591984542853922816
591984544879742976
591984570712612864
591984575691161602
591984582020374529
591984583471538176
591984715487293441
591984718918381568
591984727352938496
591984729647230976
591984739994587138
591984780675325952
591984782466158593
591984794784796673
591984801218985985
591984811000143872
591984815102005248
591984824816115712
591984825466159104
591984837638127616
591984839747764224
591984841664532480
591984984027607040
591984985877434369
591984992667897856
591985002264539137
591985018399928321
591985021918908416
591985025555369985
591985056400322560
591985094090485761
591985097013858304
591985204018851840
591985210255773697
591985212831211520
591985213586034689
591985215511265280
591985217486737408
591985220909281280
591985223086182400
591985228442443776
591985238521356291
591985239003561984
591985258628714496
591985258763067393
591985259937452032
591985263431159808
591985267650629632
591985293382852608
591985294448074753
591985334952402945
591985346205720577
591985363503054848
591985473024823296
591985493044133888
591985492742242304
591985496026296320
591985515290828800
591985529547165698
591985546290962432
591985552938917888
591985555371503616
591985563655229440
591985576649355265
591985621868023808
591985712729231360
591985745553817600
591985760481386496
591985776335794176
591985777564917760
591985802357264384
591985840273887234
591985840450117634
591985875061329920
591985990476107776
591985998780899328
591986015042031616
591986044427378688
591986072113942529
591986108071718912
591986117710356480
591986119102758913
591986126245605376
591986151537377281
591986156620816386
591986158969573376
591986180410847233
591986203110572033
591986211784384514
591986224736284672
591986230746816513
591986235620495360
591986242272690177
591986261176356864
591986478168809474
591986555465654272
591986582309228546
591986595298824192
591986595475107840
591986595932164096
591986626345054210
591986724290592772
591986752023212032
591986752568430592
591986785359699968
591986790384291842
591986806201061376
591986814283423744
591986831815610368
591986842313953280
591986862199275521
591986880469553153
591986907094986752
591986989458591744
591986992679886848
591986995871752192
591987010505551873
591987018176966656
591987027047882752
591987033763020801
591987060744949760
591987067489509376
591987067715858433
591987080256999425
591987102885117952
591987107175890944
591987123596566529
591987247026601984
591987247622197248
591987265192079360
591987271055749120
591987278467223552
591987283961733121
591987288269193216
591987290299240448
591987299333873664
591987310326976513
591987344053436416
591987365414998016
591987480506818561
591987525104836609
591987576480731138
591987584852631552
591987788888809473
591987789043924993
591987830294913024
591987847520911361
591987857117458432
591987863123701764
591987883164184576
591987888973287424
591987990655668225
591988015817330688
591988042388283392
591988089360232449
591988120217886720
591988122864504833
591988126781972481
591988324857962496
591988340297175042
591988354347978753
591988361482641409
591988368331939840
591988538083794946
591988543192313856
591988775443533824
591988782808707073
591988784239026176
591988786029940737
591988809136345088
591988846050553856
591988847845593089
591988850878099457
591988869727264769
591988878690504705
591988882071265280
591989019505897472
591989046081028096
591989046869696513
591989057850187776
591989059133775872
591989061276999680
591989071334875137
591989078041579520
591989113554862080
591989190394400768
591989201228333056
591989200955842560
591989220035559424
591989226545152000
591989230093504512
591989245839015936
591989273059987456
591989286825828352
591989291204546560
591989292156616704
591989294316720128
591989297978462208
591989323899080706
591989328827523073
591989779065016320
591989805635932160
591989817124265984
591989864393904128
591989869804703745
591989878059053056
591989896614580224
591989905795862528
591989922178924544
591989930655502336
591989930756177920
591990019763478528
591990030765203457
591990062717521920
591990066161004545
591990085026983938
591990089535889409
591990137329975297
591990325465387008
591990330163003393
591990333107376128
591990356557828096
591990375041998849
591990389097177088
591990453806989312
591990460790480896
591990564809101312
591990573566922752
591990576121139201
591990582601355264
591990594794196992
591990594769068032
591990630009671680
591990638742212608
591990677614960640
591990682144800769
591990684934152192
591990684900528128
591990710636797952
591990822566002689
591990833785737217
591990854585311233
591990885572747264
591990896037498881
591990896708755456
591990898616963075
591990917227270144
591990941856047104
591990941671559170
591991090250551296
591991094620983296
591991109871603714
591991176468631552
591991181342420993
591991181854117888
591991345436184578
591991414466052096
591991435429163008
591991449652228096
591991449979256832
591991579927126016
591991608876216322
591991620951613440
591991625129275393
591991652085936128
591991687863468032
591991686143811584
591991733551902720
591991735703773186
591991831698608129
591991837868498946
591991839743311874
591991841555410944
591991877517225984
591991883531952130
591991891190685697
591991914347372545
591991932257050625
591991950716207105
591991956659687424
591991963559198720
591991980567072768
591992062955941888
591992115724357633
591992127069925376
591992129477574656
591992135433494529
591992150746800128
591992152256708608
591992174969036802
591992186972938240
591992351805026304
591992362701697024
591992371799175168
591992378241785856
591992394393853952
591992407522189312
591992413314363393
591992426442555393
591992427142991872
591992435493986304
591992444973031424
591992626699579392
591992628838707201
591992645896962048
591992674342731776
591992693942788096
591992695289053184
591992699395309569
591992708199096321
591992717569167361
591992724993101824
591992730684788736
591992843020980224
591992851686420480
591992856744595456
591992868203417600
591992925086584832
591992923727757313
591992951082917888
591992963405774848
591992964961841152
591992972725526528
591992985329381376
591992993445351425
591993073170714624
591993087611707392
591993093416587264
591993110441267200
591993115096940544
591993121547812865
591993158969364481
591993164937961472
591993170411393025
591993174706540545
591993206335647744
591993356923891715
591993376259477504
591993378423840768
591993378579021824
591993381926076418
591993387814780929
591993412288544768
591993418617729024
591993440054874112
591993444760879106
591993450251231233
591993459407368192
591993463396126721
591993490726375425
591993600109477888
591993601795592193
591993611526479872
591993613795479552
591993629155033090
591993642568540160
591993644959141888
591993701032800257
591993706422538240
591993715352145920
591993873519357952
591993878661767168
591993897514962944
591993920772444162
591993938510151681
591993955023081473
591993960748322816
591993970504249344
591993997687586816
591994000061530112
591994155007479812
591994157536796673
591994166697005056
591994197588205570
591994225631236097
591994229242494976
591994233894010880
591994243645833216
591994259433132032
591994423099043840
591994442506047488
591994447811903489
591994480061906944
591994511439495170
591994515247890434
591994523397545984
591994623964254209
591994637394522112
591994656659021825
591994662769991680
591994681359077377
591994681472475136
591994682495885313
591994684836184064
591994685306048512
591994688766398464
591994707258908672
591994749277474816
591994748728020993
591994751311683586
591994755157856256
591994858157408256
591994867670188032
591994869238747136
591994908212273152
591994909353070592
591994913216049152
591994917582430209
591994988814295041
591995133836599296
591995136315273216
591995147627401216
591995156036919298
591995193206812673
591995239696441344
591995243236569088
591995287364882432
591995302539853825
591995319665164288
591995323100205057
591995331295858688
591995647403786240
591995697060261889
591995697005723650
591995702575767553
591995746225815552
591995770645032960
591995898563010561
591995902283382784
591995912160813056
591995996093067264
591996020625649664
591996048114982912
591996164888596480
591996186774491138
591996189794390016
591996191430291456
591996218949111809
591996226331144192
591996232958087168
591996263635234817
591996274083233792
591996277484888065
591996277618966528
591996278172569604
591996345847652352
591996356723494912
591996672621748224
591996673359880192
591996694490796032
591996699834454017
591996701063258114
591996708399108097
591996710206902273
591996729962037250
591996739009163264
591996748723138560
591996925198532609
591996937110495233
591996937093525504
591996978621362177
591996998192123904
591997010749751298
591997178043707392
591997202706407425
591997209597456385
591997219085094912
591997222570561536
591997229696552961
591997229461737474
591997231403634690
591997237628112896
591997248436736000
591997259975294976
591997273787084801
591997278744895488
591997282784018432
591997286994968576
591997296180465665
591997298726440961
591997299707904000
591997308750798849
591997418951979008
591997426782883840
591997429936881666
591997431727796226
591997440431030272
591997446768627712
591997454444138496
591997460169371648
591997469501722624
591997474165788673
591997479643643904
591997493757382656
591997510475845633
591997519581745153
591997532722466817
591997535125905408
591997536161763328
591997537885691906
591997537952763904
591997538909040640
591997552834183169
591997559272419328
591997559360638976
591997571016437761
591997642978144256
591997644156719104
591997652369154048
591997656299282432
591997665715564545
591997666768199682
591997667405856768
591997668391526400
591997667825287168
591997668798242816
591997669947645952
591997669880520705
591997672938217473
591997673714130945
591997676943581185
591997678164307970
591997680286588929
591997682224275456
591997707486539776
591997737991700480
591997740181131264
591997745151348736
591997751870623745
591997765623914496
591997772544364544
591997772611616771
591997783634276352
591997784829665280
591997785513316353
591997786486382592
591997786993860610
591997786712846336
591997787014897665
591997787820044289
591998219049046016
591998256139345920
591998299613171712
591998300330438657
591998307318149120
591998310677762049
591998311558590464
591998311541780482
591998328650407937
591998340599951362
591998341187141633
591998347801710592
591998472250789888
591998476247896064
591998485676851200
591998489443205120
591998491020369920
591998492387639296
591998493201424385
591998494845509632
591998497253105664
591998531692417024
591998540479496192
591998540894904321
591998551506309122
591998553897050112
591998554907942912
591998571869671424
591998587854319616
591998732779950080
591998738178052096
591998741348913152
591998754519023616
591998782704746496
591998784248221698
591998788081876993
591998791525355520
591998798248837121
591998817890762753
591998819870507008
591998828451995648
591998841932615681
591998843530584064
591998854930698242
591998858001063937
591998978381590528
591998997017075712
591998999558692864
591999008987480064
591999013810884608
591999028709171201
591999058568290304
591999063328821248
591999073168838656
591999087676788736
591999105154551809
591999248163471360
591999283462733824
591999290769219585
591999297698148352
591999306342608897
