592082713621966849
592082778356846593
592082820144746498
592082823890141184
592082829187518464
592082969621352448
592083039791894528
592083133786292224
592083137200463872
592083151884713984
592083709794332672
592083780552269826
592083781714092032
592083797589393408
592083986387730434
592084022244745216
592084093719871489
592084282509660160
592084349668962304
592084350361022464
592084744281694208
592084832286441472
592084834383581184
592084930819182592
592085065300975616
592085176064286720
592085277490941952
592085512682364930
592085652960751617
592085758015610881
592085918372139008
592085960931811329
592086038870384640
592086203471634432
592086224254308353
592086482044649472
592086811981291520
592086991291842560
592087011428732928
592101924767305728
592103189777874944
592103283348492288
592104091003854848
592105878024781825
592106441261109249
592108275589468161
592109250366705664
592110321013104640
592110995067314176
592116395867021312
592118156467961858
592119630405074944
592120600136536064
592120841330036736
592120975363178496
592121249590956033
592122875890442241
592126003268358144
592130500522876928
592132463490564097
592133190434758656
592136361043488768
592136677625171968
592137856547627008
592139266051874816
592139471358943232
592139704767655936
592139985878274049
592140185527144450
592140297762549760
592140848948584450
592140915684159488
592141428114894848
592141458787807232
592141689734635522
592141891392548864
592141943808741379
592142064252424192
592142310038642688
592144678356553728
592144869042180097
592146137827639296
592146329528209408
592146478711250945
592147277327675392
592147826622263298
592147979487682560
592148015005048832
592149064206061568
592149407484616704
592149775916609536
592150863877046274
592152143240368128
592152203235692544
592152217798356992
592152651946561536
592152747845234688
592152854426705920
592152931090051072
592153028234387456
592153065773408256
592153099067752449
592153202914562048
592153514446454784
592153540694409217
592153612886740992
592153952621178880
592154820796121088
592160674391818240
592162920156368896
592167889777496064
592167996337979392
592168059265159168
592168138289979393
592168286940344321
592168290400645120
592168300206903296
592168437113163777
592168536946016256
592168593116147712
592168777254440961
592168898096599040
592168953671090177
592169264112480256
592169454525554688
592169474662354944
592169497416499200
592169644183531520
592169726735994880
592169845359288322
592170023461982208
592170107406684160
592170296175632384
592170803891834880
592170854357700608
592170869897564160
592170884074471424
592170915430961152
592170923349790720
592170965234110464
592171127260119041
592171176140537856
592172052427177984
592172074593964032
592172119888240640
592172395680505856
592172398016757761
592172645572980736
592172649914048512
592172876092039168
592172971675914240
592173366829780992
592173568802205696
592173689845592064
592173736276594689
592174221318488064
592174230248280065
592174831287676928
592174908504838144
592175913766227969
592176660922798080
592177131523702784
592177303653715968
592177763085193216
592177805258989568
592177949937246210
592177958317531136
592178989805928449
592179625368784896
592179637439991810
592179994723426304
592180396411879424
592180696698880000
592181896144035840
592182033264181249
592182119981395970
592182203544694784
592182226286026752
592182717908815872
592184046051926016
592184419118551040
592184628527652864
592184663755640832
592184666217549826
592184692608110592
592184699973402624
592184702905163777
592184710777937920
592184719703310336
592184739420745728
592184742201593857
592184747821961217
592184754633486336
592184768051154944
592184770672529409
592184775336529921
592184779505672192
592184795414695937
592184810124128256
592184818189737984
592184818495926272
592184843766628352
592184852151021568
592184853430292480
592184865891618816
592184901757046785
592184902080135168
592184923756232704
592184932346134528
592184933566664704
592184935059824641
592184963686084608
592185007466156035
592185026965438464
592185034536161280
592185061224501248
592185063174975488
592185086193364992
592185129260290049
592185139159048192
592185176354004992
592185188483878912
592185192934084608
592185220721352704
592185226480103424
592185228430430208
592185228829032448
592185286106353664
592185329106419712
592185330360422400
592185364032270336
592185375533084672
592185383137325056
592185503513845761
592185516012896256
592185581192384513
592185631016517632
592185633268862976
592185633638080512
592185676566630400
592185740211032064
592185794825158656
592185796385374208
592185829994303488
592185830048804864
592185830107549697
592185830011117568
592185830325637120
592185830208249857
592185830380179456
592185830413733888
592185830233407488
592185830451458049
592185830191464448
592185830527016960
592185830657036288
592185830698921986
592185830795448320
592185829910454272
592185830849941504
592185830896078849
592185831021936640
592185831189688321
592185831206424576
592185831110021122
592185830812188672
592185831294509056
592185831156097024
592185831344898048
592185831256764416
592185831399403520
592185831453892609
592185831613333504
592185831906938880
592185832129175554
592185832183767040
592185832271781888
592185832317976576
592185856095490048
592185886034427904
592185888651780096
592185923363688449
592185935678189568
592185985292587009
592186014786920448
592186035028692993
592186069384212480
592186139999543296
592186142595887104
592186213110448128
592186247000432640
592186334162235393
592186359114149890
592186362293420032
592186367926407168
592186372699459584
592186399077470208
592186476626124800
592186520267698176
592186700207509504
592186731451043840
592186740204380160
592186769098952707
592186958215970816
592186966222839808
592187047575597056
592187049614053376
592187072963694592
592187083810189313
592187085701787649
592187094878982144
592187119839408128
592187152357859328
592187207516979200
592187270939090944
592187285593985025
592187355756265472
592187427319517184
592187452200067074
592187484479492096
592187730295005184
592187825069494272
592187956896600064
592188038865813506
592188097942523906
592188101398691840
592188162417434625
592188252041281537
592188279711236096
592188292931526656
592188392424607744
592188403984113666
592188465942433794
592188505633067008
592188580048474112
592188591293337600
592188612604628992
592188821208305664
592188945607229440
592188946848813056
592188975961374720
592189001534046208
592189141539901440
592189206014730241
592189234347438081
592189244141010944
592189286495092736
592189340563865600
592189419114799105
592189501667020800
592189544524435456
592189616167387136
592189621477314562
592189845558046720
592189861756469249
592189891347292160
592189923895025667
592189978442014720
592190247489773570
592190460212350976
592190646292586497
592190763208806400
592190787120541696
592190890187169792
592190969048530944
592190976338231296
592190979282632706
592191234350780416
592191249106370561
592191260191903746
592191264524664832
592191271189368832
592191340986953728
592191420951179264
592191484289359872
592191643819741184
592191749210050561
592191832357883904
592191980211281921
592191986339184641
592192275050078209
592192537286320129
592192545322508288
592192617007316992
592192799535075328
592192883228340225
592193017945030656
592193145678352384
592193146454351872
592193227651829760
592193233049882624
592193308270563329
592193333025341441
592193338943610880
592193622990196736
592193645157093377
592193671891554304
592193923201650689
592193940658507776
592193967468351488
592194203012083715
592194218266865664
592194275691143168
592194362643124224
592194420969082880
592194430599200768
592194509376618496
592194626976493568
592194642055024640
592194642357059584
592194820535361536
592194851241730048
592194927028633600
592195028123979776
592195044045496321
592195075414691841
592195138757210113
592195218423816192
592195256826744834
592195419293159425
592195545533386752
592195604375273474
592195699363737601
592196116071849984
592196201568546817
592196291259535362
592196486412115968
592196707078643712
592197015657795584
592197303319986177
592197563140321280
592197671705714688
592197750990581760
592197761329565696
592197776932360192
592197832838250498
592198244987371520
592198679290847233
592199914219790336
592202998845083648
592203229363970048
592203387858341888
592205196932976640
592206081155141633
592207027549540353
592207757408804864
592216071580483584
592217658352865280
592217672814710784
592219090279735296
592219242856095745
592219248715501568
592221431984828416
592222279246872576
592223853377556480
592227638984347649
592227646936776704
592227648648024065
592231411072905216
592242072934985728
592242307346345985
592243393884880897
592243453293015040
592244058329718784
592244339528638464
592244818350383104
592246698711191552
592246946703671296
592248813517017088
592248987773603840
592249056434507776
592250143325421568
592250327937617920
592250728296550401
592250828548874240
592250849927176192
592250923298246657
592250953211858944
592251087609954304
592251141804556289
592251365885345793
592251507380080640
592251704302665728
592251718651420672
592251809038761985
592252386661400576
592252457889103872
592252528521129984
592252788253523968
592253854344843265
592254010826031104
592254026877632513
592255388323606529
592255420535799808
592257028396949504
592257530308337664
592257711372283906
592259556085923840
592262622986153984
592263776038072321
592264324871237632
592264361311399937
592267452303675395
592269776996601856
592269849423945728
592272567857127425
592272687692668929
592273978611376128
592274794944405505
592275893508116481
592276020713156609
592276477388804096
592276512990056448
592276582506504192
592276613728837634
592276642224996353
592276642216587264
592276788065087488
592276845313134592
592277624132505600
592277870464106497
592277930052575232
592278198596997121
592282530595770369
592283092959817730
592283180016607232
592283637204197376
592283863302295552
592284389477855232
592285268167696386
592285816031838210
592286295856009217
592286983243698176
592288315056881664
592289334902050817
592289407278940161
592291943050190848
592292320998916096
592295244797902848
592297682959478784
592298084249403393
592298491407273984
592298716192763904
592298957386227714
592304016232611841
592311460748857345
592321024865239040
592334684488622080
592335127407013888
592341878953086976
592344600859250688
592345069941825538
592347044389392384
592356553342091265
592364024928448512
592369609849720832
592373093953196032
592375309938204672
592378513853784064
592378866532020225
592392102673154048
592392143001391104
592392759392112640
592393026640576512
592396965717016576
592401354636820480
592401815712440320
592406720883757057
592590605412278272
