591913834643783682
591914467631308800
591916035952914432
591916393290858497
591916571410337795
591916699303030785
591916893994291202
591916898398310400
591916997979439105
591917197875773440
591917208642564097
591917214338404352
591917405003124736
591917452184850432
591917472464248832
591917621379002369
591917623752941568
591917625422323713
591917661375758337
591917675456176128
591917735547777024
591917763469266944
591917770478092288
591917792393175041
591917803570995200
591917860429008896
591917861435637760
591917871061577728
591917877390745600
591917890367983617
591917902619541505
591917905358376960
591917909124874240
591917917152804864
591917941861429248
591917942897532930
591917947796480000
591917966079299584
591918004817895424
591918012577361920
591918018122391552
591918019204419584
591918045959827456
591918139442483200
591918167389122560
591918168928489472
591918169029152768
591918180324356096
591918189165981696
591918248947388416
591918253246558208
591918260519575552
591918287308488704
591918289892155392
591918301493637120
591918305864069121
591918317608181760
591918372800991233
591918374923337728
591918375057494016
591918385455308801
591918395874013185
591918404480536576
591918448596258816
591918465990066178
591918474441568257
591918493454315521
591918534881480704
591918535271579649
591918546302537729
591918567420899329
591918569534795777
591918575599820801
591918578091237379
591918625180753920
591918632994668547
591918633221132288
591918633342803971
591918633665699840
591918633816731649
591918634194178048
591918634454228993
591918634601091073
591918634877915136
591918634991161344
591918635217620992
591918635284738048
591918637612564480
591918637579010048
591918637578989568
591918637587435520
591918637637718017
591918637591633922
591918637578981377
591918637579046912
591918637629329409
591918637922914304
591918638266875905
591918638187171840
591918638652727296
591918638485020672
591918638883442689
591918639378370560
591918641194475520
591918641194512384
591918641186123776
591918641198735360
591918641190342656
591918641202860032
591918642574397440
591918642578661376
591918650308726784
591918653085384704
591918652875636736
591918667413131264
591918679509442560
591918682411905024
591918684899254272
591918696408289280
591918697603801088
591918703446360064
591918714729041920
591918735805448192
591918759226384384
591918763789852672
591918789828026368
591918800322301952
591918801865744385
591918902600282113
591918903351181313
591918955410825216
591918971604967425
591918982388559872
591918997701988353
591919006358974464
591919034775404545
591919144276086784
591919161841885184
591919176912011264
591919183413182464
591919186135224320
591919185770381312
591919195895431168
591919195891179520
591919212253224960
591919273716518912
591919276509958145
591919280121249792
591919296336556032
591919302409728000
591919308416028672
591919310949322752
591919314703228928
591919324329152513
591919326745210880
591919343425998848
591919395003183104
591919430218567680
591919462938320896
591919475739340802
591919476322402305
591919487424696320
591919501500755968
591919533343907840
591919555481444352
591919576058855424
591919580202696704
591919587358150656
591919651505868801
591919665741373440
591919715070541824
591919726957338624
591919738562818048
591919742232825857
591919749166018560
591919765599358976
591919776567427072
591919783446097920
591919791692066816
591919838626349056
591919914492932097
591919922516598785
591919927503622144
591919949104357376
591919949767004160
591919959116099584
591919963268513793
591919969685766145
591919994918670336
591920000723587072
591920005308026880
591920013377830913
591920052430974976
591920071351541760
591920074035834880
591920085087825920
591920086929317888
591920094848094208
591920095284203521
591920177471746048
591920189995757568
591920204927471619
591920217774776320
591920231146082304
591920250905440256
591920290751352832
591920317280301057
591920344945950721
591920353812869120
591920436100771843
591920439259103232
591920463325962240
591920486822465537
591920493004857344
591920506195955712
591920534331392001
591920536994775040
591920561372049408
591920644989652992
591920649473368064
591920690778910720
591920734282194944
591920787856068609
591920968370556928
591921012653969408
591921095923474433
591921167348305920
591921202144235520
591921212520988673
591921216849465344
591921269014007808
591921457896116224
591921535448846336
591921667451949057
591921799694127106
591921975540355073
591922049326579713
591922078112059393
591922176996966400
591922321893429248
591922463392403456
591922550713659392
591922606535610369
591922706443997185
591922751486623745
591922765990498304
591922781719138304
591922794843082754
591922808948588544
591922815260983296
591922925843931137
591922957821194241
591922958647435264
591923050779578369
591923061814726656
591923252060033025
591923278186315777
591923331647086592
591923336428400644
591923462211440640
591923511448375297
591923550455336960
591923586438303745
591923619057414144
591923621246816257
591923725257277440
591923810200264704
591924002911756289
591924008326602752
591924046511517696
591924140715544576
591924214212374531
591924360685850624
591924364422975488
591924746033319937
591924756963663872
591924786462232576
591924826387779585
591925007418138625
591925024073748480
591925237198925825
591925516958965760
591925523460136960
591925525045587968
591925592615878656
591925838179803136
591925880642936833
591926249854935041
591926347447939072
591926395829288960
591926399448977409
591926478708678658
591926553153380353
591926611395522560
591926757277573120
591926778664366080
591926880577540096
591927257607708672
591927505038086144
591927551007698944
591927583215751168
591927768738340864
591927854734123008
591928084250505217
591928122435567616
591928127984504832
591928266224578560
591928520034496513
591928644836184065
591928669615960066
591928671914610689
591928999045177344
591929010055159808
591929017747505153
591929069752623106
591929091093241856
591929296727449600
591929311701131265
591929330864943104
591929364477915136
591929378193412096
591929411307376640
591929510381031425
591929516857004032
591929519906271232
591929523664392193
591929568396611584
591929783459577856
591929889923551232
591929892071051265
591929907304763392
591929937642201089
591930030307041281
591930159265021952
591930177099169792
591930261924806656
591930548156674051
591930588216590336
591930600937771008
591930606310858752
591930617899548675
591930784312758273
591930815619010560
591930822229299200
591930826096410624
591931020686991360
591931086902427649
591931136340795392
591931144871882753
591931146402811904
591931159409401859
591931187179859968
591931288086401024
591931343522504704
591931375298588672
591931587341647873
591931718644314113
591931777817579520
591931874475249664
591931907065126913
591932055858106368
591932093245980673
591932145070931968
591932313551908864
591932345344655361
591932373987495936
591932377758203904
591932528203669505
591932788892311553
591933048075104256
591933064936226817
591933120506527744
591933396584046592
591933406268657664
591933668702072833
591933689388347392
591933693532344320
591933693557477376
591933694216048640
591934055559536640
591934074450743296
591934152837992450
591934426264670208
591934643907211267
591934944714227712
591935180320804864
591935379504111618
591935561331388417
591935599566725120
591935878554984448
591935943357112321
591936097057378305
591936336048689152
591936399059886081
591936561224097792
591936641645838336
591936661551861760
591936666157219840
591936676672339969
591936684146589697
591936692220600320
591936736089022464
591936747291848705
591936815050788864
591936884470747136
591936885196394496
591936896202371072
591936966641385473
591937136082944000
591937324721643520
591937331294146560
591937421442318336
591937601239560193
591937647267819521
591937662258294784
591937680994336768
591937710878629888
591937744114458625
591937825332801537
591937834644209664
591937854596493313
591938021345267712
591938126811017216
591938225578475520
591938365899046912
591938442482683904
591938580097802241
591938769089011713
591938777737777152
591938786910605313
591939283193237504
591939303992729600
591939341154328577
591939346946600960
591939385592950784
591939388868722688
591939390177292289
591939456468287488
591939590094749696
591939590103109632
591939702216892418
591939721577820160
591939727340646400
591939803697913856
591939835234910208
591939867539476481
591939902142423041
591939932270231553
591939953526968320
591940057486917635
591940100168126464
591940133810786304
591940192388296704
591940206531481600
591940220733497344
591940303147442177
591940317420490752
591940466163089408
591940487105409024
591940555921301506
591940781604151296
591940790479257600
591940793079705600
591940808489578497
591940893545902081
591940914614009856
591940932779409408
591941130620571648
591941229744521216
591941302587011074
591941305736957956
591941550101303296
591941575845879808
591941600361615360
591941624080371712
591941644582195200
591941658322673666
591941940020715520
591942582466256896
591942640486092802
591942640381218817
591943016643887104
591943156314337280
591943335289327616
591943362627801088
591943366067101697
591943508702810112
591943830024237056
591943853457838080
591943882977378305
591943895208042496
591944206467215360
591944439502766080
591944456938491904
591944598957608960
591945110624964609
591945334374313984
591945345761873920
591945401613168640
591945591191535616
591945602792951808
591945628982185984
591945665334259712
591945684447662081
591945729179975681
591945985909137408
591946047619923970
591946173075849217
591946483785551873
591947990220181504
591948021564182530
591948157681930241
591948435831427073
591948471608877056
591948490462244864
591948511303839744
591949032127356928
591949146292031488
591949205586882561
591949208753602562
591949756517089280
591950470773542912
591951180915286018
591951500395421696
591951507928457216
591951528228880387
591951628019699712
591951892017598466
591951943368511490
591951960359571457
591951991292567554
591952009118388224
591952029972561920
591952218095419392
591952243990990849
591952262051672064
591952292867280896
591952460325003264
591952488787415040
591952681989709824
591952992762368001
591953147926417408
591953242608676865
591953267527028736
591953294643200000
591953313496567808
591953678174556160
591953712626540545
591954156635561984
591954387687247872
591954897559420929
591954913980088320
591954962663407618
591955027247271936
591955141688852480
591955186630856704
591955211163426816
591955256931549184
591955443997495296
591955449336856576
591955482492805120
591955698772086784
591955894524583936
591955959993405440
591956282241777664
591956456846413824
591956519115042817
591956549607686144
591956648786137088
591956809277050881
591956920379904000
591957001879433217
591957493749788673
591957914471923712
591958058839904256
591958186103590912
591958195351912448
591958265673752577
591958704955609088
591958732361207809
591958775327776769
591958958841077760
591959810972614657
591960472032706560
591960500335869952
591961212184694784
591961213099253760
591961683834249217
591961701064384513
591961702306095104
591961793825636352
591961799852822529
591961817250811904
591961960217882629
591962029465841665
591962047195152384
591962067109695488
591962243291480065
591962601669660672
591963275245408256
591963279142051840
591963333525262336
591963538010157056
591963619740364802
591963814125404162
591964023073046528
591964614163730435
591964741511159808
591964859664707584
591965112606547968
591965316973858816
591965550785376256
591966048993181697
591966085584269312
591966094409203714
591966098775408640
591966119725903874
591966326215815168
591966542704807936
591966979201732608
591967498787901441
591967767902826498
591968576300523521
591968889262616576
591970086878973952
591970256081461248
591970268207157248
591970843548254208
591971106849886208
591971398198829056
591971623604867074
591971635814670336
591972848354205698
591973164126576640
591973317034258433
591973662716100608
591973672824352768
591973685671567362
591973795604221952
591973833243951105
591974038974517248
591974054753652737
591974271955566593
591974303836540928
591974308315934721
591974676982697984
591974903403929602
591975093296705536
591975587985494016
591975601185001472
591975613327646721
591975713227472897
591975885684625409
591975905989423104
591975982229102595
591976400816504832
591976460182773760
591976668861960193
591976892758011905
591976921472192512
591976935875485696
591976979500388352
591977224116563969
591977243976413184
591977425870921728
591977885138685952
591977896547201024
591977992638758912
591978270826090497
591978504046055424
591978713815748608
591979037016215552
591979301337104384
591979438025285632
591979666115661825
591980000863133697
591980245483266048
591980263086764032
591980543144697856
591981552696840192
591981815981740032
591982186770800644
591982244404670464
591982576044154881
591982786623471616
591983781906644994
591983853859803136
591984570960084994
591985115615469568
591985289939136512
591985344532316160
591985616801239040
591985746640121856
591985792785915905
591985820308877312
591985839036440576
591986027486547968
591986043588513792
591986194336055298
591986231715565568
591986534682734592
591986545374134273
591986621660012544
591986742770536448
591987615584260097
591988078136295424
591988345766486017
591989012996329472
591989124002779136
591989789248880641
591989887898890240
591990625614061569
591990814831562752
591990820997181441
591990832108023808
591990844246233089
591990850822877186
591991096500158464
591991116188102656
591991159225888768
591991192042217472
591991410255142912
591991462071373824
591991467779883008
591991595785924608
591991607907332096
591991629210259456
591991826095169536
591991928884834304
591991944177287168
591991952804982784
591991970752372736
591992063706562560
591992401054470144
591992428103487489
591992472584224769
591993137888768000
591993156154970113
591993221028286466
591993636868329472
591993875591401472
591993943883161601
591993994151727106
591994148867080192
591994176666898433
591994383328628737
591994388768763905
591994431227715588
591994439511379968
591994473116143620
591994496130224128
591994502836932608
591994700309012481
591994741295841281
591994855133356032
591994866177015808
591994878705463296
591994975602114560
591995157219676161
591995286483963904
591995337889357827
591995659839873024
591995918594912257
591995959866830848
591996202998042625
591996322082729984
591996681731739648
591996709988802562
591996786962608128
591996809678991360
591997222364975104
591997258272485376
591997446617726976
591997505178480640
591997551659720704
591997560568483840
591997746644660224
591997765300846592
591998255644311552
591998330999336960
591998534813122560
591998556057247744
591998597245218817
591998780112678912
591998786660114432
591999028977610752
591999276252663808
592067744230547457
592067826338242560
592068103204278272
592068208447791104
592068253855416320
592068278400524288
592068299648696320
592068474509209600
592068497980653568
592068581392781312
592068598207741952
592068622245302272
592068659343855616
592068795373465600
592068816114319360
592068884150128640
592069229739773952
592069548095868928
592069548783890433
592069579913859072
592069642077634560
592069647286960128
592070004339802112
592070138117169154
592070150037245952
592070507282862080
592070552883310592
592070685775798273
592070977556783104
592071110407106561
592071194431660033
592071348417101825
592071406306787328
592071422203297792
592071454834950145
592071486766120960
592071659986624513
592072123637735425
592072170148270081
592072424092372992
592072549929877504
592072557924352000
592072628170530816
592072685083107328
592072830893821953
592073048150278147
592073205172568064
592073223950475266
592073262206722048
592073387909976064
592073459938668544
592073568613072896
592073814391021569
592074036726882304
592074208840065024
592074354076291073
592074384933834752
592074479825604608
592074783577223168
592074803609247744
592074825633435648
592074939777187840
592075061932101632
592075143163289600
592075257156087808
592075295391383552
592075358930894848
592075393403854849
592075535045554176
592075625973870592
592075633238286336
592075919155666944
592075981243994112
592076014555164673
592076064152625152
592076194201337857
592076222030479360
592076347717062656
592076458715160577
592076579657928705
592076813746208768
592076816157933568
592076897732825089
592076975520522240
592077307893940224
592077448717602816
592077579441414144
592077701961285632
592077837508685824
592077885235658752
592077923290468352
592077993704443904
592078023463084033
592078022842384385
592078204661211137
592078207056216064
592078223262941184
592078444407685124
592078475885948929
592078586787569664
592078750365261824
592078773144690688
592078883681337345
592078890547355648
592078944834351105
592079004905123843
592079026589605889
592079102678466560
592079174350712834
592079190339387392
592079368719081473
592079399886913536
592079658700513280
592079727621513216
592079768163520513
592079890158989313
592080060510806017
592080099685625857
592080170867036160
592080389344137217
592080422693142529
592080462450929664
592080663668334592
592080754059845632
