592596140148719616
592596202316767232
592605989674692608
592610923044548608
592617368758554624
592625867710431232
592628117589495809
592632984034942977
592633585099743234
592634294952071168
592641000704757761
592643514846019584
592646666827599872
592667740818821121
592669388811214850
592670521231302656
592670546829176833
592670594442887169
592670626554478596
592670645428854785
592670785971564545
592671051261288451
592671209122373635
592671562190475264
592671757154258945
592672251201384450
592673723087466496
592674281168965633
592674283979157504
592679638889037824
592682724277755905
592692676220362752
592694113574715392
592694611166044160
592703761023381506
592705815896838145
592707450115137537
592710036079693826
592737240826179586
592744050442272768
592744086303543296
592744090376282113
592748201649819648
592758691805409280
592785636874125312
592791333342990339
592791378905665536
592796476234997760
592800106132418562
592803804594249729
